indp00ag.asc
ncols         816
nrows         816
xllcorner     65
yllcorner     5
cellsize      0.0416666666667
NODATA_value  -9999
[rows 272 to 305 of 816, columns 228 to 303 of 816]
3201.291 3167.641 3249.46 3089.57 3256.02 3930.255 4460.883 4460.883 4460.883 4483.389 5111.777 6194.119 6386.856 6386.856 6386.856 6386.856 6386.856 6386.856 6386.856 6386.856 6386.856 6123.289 5442.3 5375.664 5375.664 5375.664 5375.664 5375.664 5375.664 5415.331 6549.308 6740.286 6740.286 6740.286 6740.286 6961.998 8857.577 9202.036 9202.036 9202.036 9202.036 9202.036 7171.33 5525.765 5525.765 5525.765 5537.713 6180.49 8819.072 8819.072 8819.072 8805.961 8819.072 8502.188 6669.455 6487.914 6451.336 6451.336 6628.937 7371.386 8900.429 8900.429 8900.429 8711.398 7131.469 7131.469 7131.469 7200.209 8212.691 8354.105 8354.105 8354.105 8354.105 8354.105 8549.084 11676.64
3250.697 3250.697 3250.697 3250.697 3250.697 3991.15 4223.373 4462.582 4468.404 4596.209 6040.053 6389.288 6389.288 6389.288 6389.288 6389.288 6389.288 6365.949 5674.754 6238.864 6389.288 6389.288 5791.472 5377.71 5377.71 5377.71 5377.71 5377.71 5377.71 5377.71 5595.213 6353.521 6742.853 6742.853 6742.853 7835.827 9050.622 9205.54 9205.54 9205.54 8568.892 6794.918 6088.953 5475.423 5345.006 5464.101 5685.446 8041.869 8822.43 8822.43 8822.43 8822.43 8822.43 7605.802 6453.793 6453.793 6453.793 6453.793 8755.695 7984.236 8234.979 8396.719 8703.938 8062.873 7134.184 7134.184 7134.184 7379.666 9362.701 11400.19 9650.928 8357.286 10900.38 10013.53 13624.14 13814.17
3251.933 3251.933 3251.933 3251.933 3251.933 3251.933 3672.549 5224.587 5702.976 6391.717 6391.717 6391.717 6391.717 6391.717 6391.717 6391.717 6391.717 6080.533 4574.806 4832.453 5748.694 5967.211 5310.828 5379.754 5379.754 5379.754 5379.754 5379.754 5379.754 5379.754 5379.754 5405.761 5968.548 6038.569 6721.264 6745.416 7913.82 8305.656 7475.47 9209.039 9182.696 6321.67 5529.97 5293.351 4233.164 4116.008 5358.361 7819.262 8825.783 8825.783 8825.783 8825.783 8825.783 7572.65 6456.246 6456.246 6456.246 8968.891 33479 16974.97 18726.78 7871.624 7863.239 7539.458 7130.89 6975.105 7027.721 7202.116 14968.67 15381.41 14125.67 13259.27 15013.99 15381.41 15381.41 15376.94
3281.965 3253.167 3253.167 3446.847 3467.129 3854.282 5579.859 6394.142 6394.142 6394.142 6394.142 6394.142 6394.142 6394.142 6394.142 6394.142 6394.142 5182.735 4576.542 4576.542 5242.581 5129.349 5169.721 5381.796 5381.796 5381.796 5381.796 5381.796 5381.796 5381.796 5381.796 5381.796 5381.796 5381.796 5563.774 5647.153 4592.947 4497.858 5081.169 8119.847 7711.874 5297.989 5082.756 4754.319 4367.653 4088.078 5320.683 8829.132 8829.132 8829.132 8829.132 8829.132 8655.081 6487.524 6458.695 6458.695 6493.12 7110.134 27031.53 33048.8 26199.47 13963.83 7874.61 7874.61 7371.557 6838.568 6844.522 6852.976 10101.06 13995.14 15387.25 15387.25 15387.25 15387.25 15387.25 15387.25
3663.612 3449.801 3384.862 3637.318 3701.188 3889.796 4190.568 5084.273 6396.563 6396.563 6292.831 5928.588 6143.15 6396.563 6396.563 6175.074 5336.279 4578.326 4578.275 4578.275 4578.275 4578.275 5157.413 5383.834 5383.834 5383.834 5383.834 5383.834 5383.834 5383.834 5383.834 5383.834 5383.834 5383.834 5383.834 5084.631 4499.562 4499.562 4499.562 4499.562 4499.562 4428.8 4089.627 4089.627 4089.627 4089.627 7658.964 8832.476 8832.476 8832.476 8832.476 8832.476 7838.014 6461.142 6461.142 6967.806 8110.924 8190.414 14046.75 32180.12 26304.92 12897.61 7877.592 7848.638 6865.709 6832.205 6832.205 6832.205 6832.205 9270.096 14728.36 15393.08 15393.08 15393.08 15393.08 15393.08
3702.587 3702.587 3702.587 3702.587 3702.587 3702.587 3702.587 4143.005 4804.09 5449.947 4687.634 4580.006 4805.434 5322.529 5900.982 6047.187 4660.785 4580.006 4580.006 4580.006 4580.006 4580.006 5140.379 5385.87 5385.87 5385.87 5385.87 5385.87 5385.87 5385.87 5385.87 5385.87 5385.87 6602.773 7617.291 7052.59 5204.01 4501.263 4501.263 4501.263 4501.263 4292.362 4091.173 4091.173 4091.173 4091.173 7861.544 8835.815 8835.815 8835.815 8835.815 8835.815 7574.822 6526.143 6680.604 8188.328 8430.565 8430.565 8193.152 9857.812 12054.53 11092.28 7880.571 7880.571 7376.669 6834.788 6834.788 6834.788 6834.788 6834.788 13959.4 15398.89 15398.89 15398.89 15398.89 15398.89
3703.983 3703.983 3703.983 3703.983 3703.983 3703.983 3703.983 3703.983 3792.469 4495.437 4581.732 4581.732 4581.732 4553.053 4455.749 4756.046 4581.732 4581.732 4581.732 4581.732 4581.732 4675.011 5338.507 5387.899 5387.899 5387.899 5387.899 5387.899 5387.899 5435.36 6285.129 6819.761 6796.474 8001.216 8487.133 8487.133 6157.331 4502.959 4502.959 4502.959 4464.701 4138.942 4092.715 4092.715 4092.715 4977.162 8426.655 8839.146 8839.146 8839.146 8839.146 8839.146 8839.146 8552.042 8310.91 8148.006 8433.743 8433.743 8433.743 8520.725 8240.771 8142.653 7927.552 7527.441 7251.654 6837.363 6837.363 6855.738 6856.006 6837.363 9124.099 12342.79 15229.64 15404.7 15404.7 15404.7
3705.378 3705.378 3705.378 3705.378 3705.378 3705.378 3705.378 3705.378 3758.773 4370.394 4547.827 4398.644 4369.551 4187.502 4064.129 4583.408 4583.458 4583.458 4583.458 4583.458 4583.458 4583.458 5149.323 5389.929 5389.929 5463.093 5389.929 5488.088 6221.009 6450.148 8139.833 8490.33 8490.33 8490.33 8490.33 8490.33 6823.75 4556.627 4504.656 4504.656 4373.344 4094.257 4094.257 4094.257 4094.257 5722.807 8839.994 8842.476 8842.476 8842.476 8842.476 8842.476 8842.476 8752.38 8466.556 8436.92 8436.92 8436.92 8436.92 8581.442 8607.22 8607.22 8352.043 7882.329 7379.683 6869.82 6898.116 6918.906 7005.989 6901.625 7004.202 7022.79 9606.598 14854.55 15055.37 15410.5
3706.772 3706.772 3706.772 3706.772 3706.772 3706.772 3706.772 3761.967 4033.152 4279.283 4101.519 4057.273 4057.273 4057.273 4060.389 4262.332 4523.824 4585.182 4585.182 4585.182 4585.182 4590.426 5136.867 5391.956 6308.751 6841.964 5855.573 6778.522 6853.606 6853.606 7090.587 8445.378 8493.523 8493.523 8493.523 8493.523 8493.523 5961.198 4506.35 4495.12 4182.767 4095.796 4095.796 4141.421 4656.91 4478.93 7615.221 6925.631 6522.503 6856.041 7703.574 6022.731 5188.045 5901.739 8265.722 8440.093 8440.093 8440.093 8459.022 8602.267 8610.456 8610.456 8610.456 7943.869 6938.624 6967.135 7009.808 7022.729 7025.431 7025.431 7025.431 7025.431 7492.029 11555.23 13683.38 15416.3
3708.163 3708.163 3708.163 3708.516 3723.103 3708.163 3708.163 3715.336 4009.752 4058.796 4058.796 4058.796 4058.796 4058.796 4072.808 4293.529 4525.434 4586.903 4586.903 4586.903 4586.903 5521.377 6852.793 6522.256 6833.701 6856.179 6829.253 6856.179 6856.179 6856.179 6856.179 7597.159 8496.712 8447.374 8307.26 8479.713 7789.157 5779.374 4459.512 4245.352 4097.334 4097.334 4097.334 4252.048 4971.637 4971.637 4971.637 4971.637 4971.637 4971.637 4971.637 4971.637 4971.637 5831.701 7859.098 8443.262 8443.262 8443.262 8574.411 8613.688 8613.688 8613.688 7893.784 6811.085 6806.873 6883.412 6978.491 7028.068 7028.068 7028.068 7028.068 8036.745 11611.27 12251.22 12948.71 15099.84
3709.551 3709.551 3731.187 3754.922 3742.729 3709.551 3751.53 3913.136 4060.039 4060.315 4060.315 4060.315 4060.315 4060.315 4348.574 4588.619 4588.619 4588.619 4588.619 4594.509 4772.038 5043.489 6225.857 6823.561 6858.745 6858.745 6858.745 6858.745 6858.745 6858.745 6858.745 7074.382 8018.345 8137.003 7952.821 5908.93 3985.875 3985.729 4060.364 4071.213 4098.624 4098.867 4098.867 4239.961 4973.498 4973.498 4973.498 4973.498 4973.498 4973.498 4973.498 4973.498 4973.498 5101.744 5260.631 7682.745 7971.429 7443.051 8616.329 8616.912 8616.874 7581.608 6899.274 6809.42 6809.42 6810.577 6952.605 7030.698 7030.698 7903.062 11246.94 12255.78 12255.8 12255.8 12255.8 11943.44
3719.397 3756.926 3763.7 3765.489 3752.336 3713.879 3900.377 4061.834 4061.834 4061.834 4061.834 4061.834 4061.834 4061.834 4103.019 4566.856 4590.336 4590.336 4590.336 4636.475 5475.538 5475.538 5475.538 5775.086 6739.752 6861.311 6861.311 6861.311 6861.311 6861.311 6861.311 6861.311 7043.157 7955.796 7945.631 4793.761 3987.22 3987.22 3987.22 3989.287 4079.898 4100.365 4071.181 4104.652 4712.622 4975.358 4975.358 4975.358 4975.358 4975.358 4975.358 4975.358 4975.358 5036.542 4998.313 4975.358 6161.628 7436.994 8620.136 7802.035 8132.808 7965.921 6862.613 6811.967 6811.967 6811.967 6830.643 8589.062 9579.509 12137.71 12260.39 12260.39 12260.39 12260.39 12241.49 12036.18
3766.701 3766.895 3766.895 3766.895 3766.895 3756.892 3799.181 4060.009 4063.351 4063.351 4063.351 4063.351 4063.351 4063.351 4063.351 4192.987 4314.442 4483.866 4548.689 4573.38 5301.505 5477.583 5477.583 6408.784 6852.427 6863.752 6569.714 6475.888 6742.591 6863.873 6863.873 6936.086 7570.652 7958.767 6903.804 3988.709 3988.709 3988.709 3988.709 3988.709 4079.658 4077.206 4003.313 4670.601 4859.142 5810.873 5852.142 4977.216 4977.216 5042.829 4977.216 4977.216 5368.411 5783.038 5232.398 5095.361 5727.043 6614.267 7011.561 5858.726 5776.427 6274.73 6301.718 6730.04 6814.511 6814.511 6814.511 7819.457 12222.53 11632.17 11801.78 12264.96 12264.96 12264.96 11907.85 10982.32
3768.299 3768.299 3768.299 3768.299 3768.299 3768.299 3770.51 3943.729 4064.576 4064.865 4064.865 4064.865 4064.865 4064.865 4064.865 4064.865 4064.865 4064.865 4078.377 4141.957 4620.535 5479.624 5479.624 5743.936 6255.157 5977.618 6312.773 7098.515 7684.892 7474.68 7466.015 7833.606 7961.733 7961.733 4989.927 3990.195 3990.195 3990.195 3990.195 3990.195 3995.835 3993.58 4128.392 4869.403 4979.071 7352.701 8191.791 7271.559 11555.49 13191.87 8794.139 4979.071 5421.737 5800.55 5250.184 5003.708 5688.969 5800.55 5775.23 5766.338 5766.338 5766.338 5766.338 5817.275 6563.903 6757.216 6817.051 6964.571 11075.56 7724.249 10553.9 12269.54 11970.45 11390.96 11053.11 10986.41
3769.699 3769.699 3769.699 3769.699 3769.699 3769.699 3769.699 3835.006 4055.438 4066.376 4066.376 4066.376 4066.376 4066.376 4066.376 4066.376 4066.376 4600.933 5349.218 5480.582 5481.66 5481.66 5481.66 5481.66 6533.006 7740.132 7964.692 7964.692 7964.692 7964.692 7964.692 7964.692 7964.692 6612.997 4019.496 3991.678 3991.678 3991.678 3991.678 3991.678 3991.678 3991.678 4067.465 5374.521 5845.327 8544.078 13100.83 12444.53 13544.21 13544.21 13474.3 7312.896 5626.452 5802.706 5743.419 5725.998 5798.234 5802.706 5773.535 5768.481 5768.481 5768.481 5768.481 5768.481 5771.631 5973.765 6408.195 6838.143 7773.867 7093.142 7304.102 9088.111 9089.426 8309.598 10985.64 10990.49
3771.099 3771.099 3771.099 3771.099 3771.099 3981.94 4217.6 4441.647 4125.757 3250.436 3278.093 2989.433 3320.534 2065.496 4054.989 4067.886 4080.976 4664.419 5385.434 5483.696 5483.696 5483.696 5483.696 5483.696 16917.25 11925.63 35682.01 46532.35 37594.23 12427.63 7967.65 7967.65 7967.65 6019.301 3993.161 3993.161 3993.161 3993.161 3993.161 3993.161 3993.161 3993.161 4433.307 6615.927 6956.892 10270.92 13549.24 13549.24 13549.24 13549.24 13549.24 10184.66 5804.861 5804.861 5804.861 5804.861 5804.861 5804.861 5782.071 5770.624 5770.624 5770.624 5770.624 5770.624 5770.624 5850.818 5930.352 5992.705 6772.662 7068.77 7068.77 7068.77 7068.77 7244.379 8086.03 8917.049
3772.497 3772.497 3772.497 3772.497 3778.625 4313.104 4503.557 4503.557 4280.361 2898.292 1208.278 9.779534 0 903.058 2762.206 4069.394 4251.448 5485.729 5485.729 5485.729 5485.729 5485.729 5485.729 5485.729 60162.28 86761.54 86761.54 86761.54 86761.54 66599.62 76942.7 62827.13 15632.63 6044.362 3994.641 3994.641 3994.641 3994.641 3994.641 3994.641 4024.736 4305.549 6149.88 6959.471 6959.471 6959.617 8271.766 13486.1 13554.27 13554.27 13554.27 8710.857 5807.013 5807.013 5807.013 5807.013 5807.013 5826.676 5817.474 5772.763 5772.763 5772.763 5772.763 5772.763 5772.763 5849.969 5902.154 5902.154 6035.477 7006.577 7071.391 7071.391 7071.391 7071.391 7071.391 7345.21
3773.892 3773.892 3773.892 3950.508 4361.476 4505.221 4505.221 4354.57 3548.04 3524.928 3599.495 3069.592 996.9047 0 45.55087 3015.845 1934.868 4490.994 5487.757 5487.757 5487.757 5487.757 5487.757 5487.757 58272.84 86793.6 86793.6 86793.6 86793.6 86793.6 86793.6 86793.6 85817.16 67600.86 25088.27 4001.958 3996.117 3996.117 3996.117 4446.844 5825.278 6149.987 6915.826 6962.043 6962.043 6962.043 6962.043 11839.56 13469.57 13464.06 13463.7 9531.945 5882.687 5920.806 5934.93 5827.841 5809.159 5932.301 6136.495 5817.393 5774.896 5791.904 5802.87 5851.023 5840.047 5878.328 5904.336 5904.336 5904.336 6810.604 7074.004 7074.004 7074.004 7281.043 8293.02 9319.278
3775.286 3893.129 4272.037 4505.676 4506.885 4506.885 4506.885 4333.391 3516.471 3516.471 3516.471 3942.557 4744.752 1689.469 2790.84 3473.073 4165.827 5463.227 5489.784 5489.784 5489.784 4407.202 3280.227 3798.425 55637.98 78065.16 85505.81 86356.66 57859.08 75398.53 56991.24 69736.4 74694.45 85141.37 25539.96 5730.228 5367.554 4648.566 4191.81 4599.067 5964.429 6224.867 6910.977 6964.615 6964.615 6964.615 6964.615 7464.335 12333.67 13444.63 13444.63 10568.73 6204.043 6204.043 6204.043 6094.372 5986.833 6128.672 6204.043 5944.158 5777.03 5822.795 5906.517 5906.517 5906.517 5906.517 5906.517 5906.517 5906.517 5940.556 6756.197 7986.491 8932.951 9396.243 9403.991 9403.991
3788.838 4483.073 4508.547 4508.547 4508.547 4508.547 4335.208 3859.985 3517.768 3458.105 3302.859 4295.845 5491.809 4958.181 5135.484 5491.809 5491.809 5491.809 5491.809 5491.809 5375.614 3842.008 3180.221 3180.221 10076.8 3223.452 8186.46 12263.94 3180.221 3180.221 3180.221 3180.221 3180.221 5223.146 6020.536 5966.629 5966.629 5966.629 5896.317 5629.705 5966.629 5966.629 6804.194 6967.184 6967.184 6967.184 6967.184 6967.184 11699.36 13449.58 13449.58 9979.749 6206.331 6206.331 6206.331 6206.331 6206.331 6206.331 6206.331 6180.057 7211.892 8716.133 9129.045 6420.869 5908.711 5908.695 5908.695 5908.695 5908.695 5908.695 8064.608 9394.098 8774.341 9407.459 9198.31 7503.951
4197.803 4510.205 4510.205 4510.205 4510.205 4510.205 4325.372 3573.438 3519.061 3401.166 2732.402 2707.707 3687.568 3011.976 2926.705 5130.066 5493.828 5493.828 5493.828 4883.086 2996.941 3167.594 3181.39 3176.366 3181.39 3181.39 3181.39 3181.39 3181.39 3181.39 3181.39 3181.39 3181.39 3181.39 5378.535 5968.822 5968.822 5968.822 5968.822 5968.822 5968.822 5993.874 6786.818 6969.745 6969.745 6969.745 6969.745 8754.858 13454.06 13454.53 13454.52 8153.607 4317.706 6175.062 6208.613 6208.613 6208.613 6208.613 6208.613 6251.859 8768.537 10275.74 10275.74 10275.74 9166.84 5641.102 5483.324 5785.532 5638.317 5910.868 7352.537 9174.642 4593.841 5309.435 3940.32 3534.142
2942.156 4409.065 4511.862 4511.862 4398.189 4167.278 3548.787 3520.354 3520.354 3520.354 3427.515 2881.2 2876.322 2666.701 2666.701 4358.496 5323.93 5031.4 3902.276 2769.253 2666.701 2759.761 2858.079 2781.65 3083.523 3139.033 3182.559 3182.559 3182.559 3182.559 3182.559 3182.559 3182.559 3182.559 5330.851 5971.016 5971.016 5971.016 5971.016 5971.016 6469.999 6965.638 6972.226 6972.306 6972.306 6972.306 6972.306 8647.648 10833.72 7150.067 6527.088 3723.796 3723.796 4584.006 5612.097 6210.826 6210.894 6210.894 6210.894 8577.445 10279.51 10279.51 10279.51 10279.51 9642.298 4865.072 4843.392 4843.392 5345.24 5913.04 6860.429 8253.67 3633.017 3535.44 3535.44 4101.833
2252.588 3969.476 4513.517 4513.517 3774.297 3521.645 3521.645 3521.645 3521.645 3521.645 3508.987 3078.797 2749.512 2667.679 2667.679 2667.679 2667.679 2667.679 2667.679 2667.679 2667.679 2667.679 2667.679 2671.915 2673.816 2673.888 2828.346 2894.779 2920.321 2817.99 3124.105 3183.727 3183.727 3910.088 4757.906 5831.489 5973.206 5973.206 5973.206 6044.917 6262.692 6962.16 6973.683 6887.122 6916.997 6962.866 6974.863 6372.671 3799.186 3725.162 3725.162 3725.162 3725.162 3725.162 3725.162 4249.474 5170.151 6213.172 7885.431 9760.201 10283.29 10283.29 10283.29 10283.29 9720.665 4845.168 4845.168 4846.871 4598.964 4164.029 4090.149 4304.447 3536.737 3563.029 4168.913 4878.042
2253.411 2744.792 4515.167 4515.167 4946.449 8191.104 3832.589 3522.933 3522.933 3522.933 3522.933 3177.881 2745.77 2668.655 2668.655 2668.655 2668.655 2668.655 2668.655 2668.655 2668.655 2668.655 2668.655 2673.374 2674.794 2674.794 2674.794 2674.794 2674.794 2674.794 2793.903 3445.573 3925.948 4311.25 4316.73 4422.883 5071.413 5612.574 5288.98 5842.907 6567.347 6853.67 6775.524 6754.712 6755.046 6756.993 6794.73 5434.636 3436.379 3511.132 3708.165 3726.524 3726.524 3726.524 3726.524 3726.524 3736.309 4914.747 9421.822 10287.04 10287.04 10287.04 10287.04 10287.04 9833.935 4846.94 4846.94 4821.61 3835.177 3538.031 3538.031 3538.031 4252.658 4805.162 4882.97 4882.97
2254.235 2602.261 4455.574 4516.818 6187.503 14794.84 4455.033 3524.22 3524.22 3524.22 3524.22 3524.22 3499.962 3171.613 2672.36 2669.63 2669.63 2669.63 2669.63 2669.63 2669.63 2669.63 2671.141 2675.099 2675.771 2675.771 2675.771 2675.771 2675.771 2675.771 2890.979 4182.627 4318.308 4318.308 4318.308 4318.308 4318.308 4318.308 4318.308 4395.979 6057.208 6757.181 6757.181 6757.181 6757.181 6757.181 5670.801 3453.281 3433.904 3433.904 3539.324 3724.689 3727.886 3727.886 3727.886 3727.886 4653.524 7113.591 8904.189 9794.955 10290.8 10290.8 10290.8 10290.8 7769.814 4848.711 4848.711 4844.563 4265.614 3643.11 3539.324 3539.324 4497.378 4884.754 4884.754 4884.754
2255.057 4189.678 13452.51 5767.822 13497.96 14800.24 12193.76 12691.17 8734.95 3525.506 3525.506 3525.506 3525.506 3355.186 2709.972 2670.604 2670.604 2670.604 2670.604 2670.604 2670.604 2671.04 2676.538 2676.748 2676.748 2676.748 2676.748 2676.748 2676.748 2676.748 2677.384 3962.594 4319.883 4319.883 4319.883 4319.883 4319.883 4319.883 4319.883 4319.883 5706.605 6759.646 6759.646 6759.646 6759.646 6694.055 4377.949 3435.157 3435.157 3435.157 3435.157 3506.697 3630.052 3690.43 3729.246 6774.574 8352.575 8878.08 8878.08 8902.551 7024.061 9606.39 9150.098 6944.722 4872.194 4850.48 4850.48 4660.827 4096.875 3573.756 3540.615 3540.615 4368.631 4882.919 4886.537 4886.537
4002.913 13184.05 14805.62 14299.52 14805.62 14805.62 14805.62 14805.62 9150.933 3526.788 3526.788 3526.788 3526.788 3526.788 2980.499 2773.303 2671.575 2671.575 2670.536 2670.952 2675.396 2677.145 2677.721 2677.721 2677.721 2677.721 2677.721 2677.721 2677.721 2677.721 3077.962 4228.991 4321.454 4321.454 4321.454 4321.454 4321.454 4321.454 4321.454 4402.434 6158.584 6762.105 6762.105 6762.105 6762.105 6645.006 3801.085 3436.406 3436.406 3436.406 3436.406 3436.406 4813.496 6627.281 7576.012 8874.394 8881.31 8880.681 8241.68 7045.108 4865.31 6960.633 5994.915 4852.245 4852.245 4589.272 4206.447 3717.68 3541.903 3541.903 3541.903 3541.903 3541.903 3727.212 4776.75 4888.313
13470.81 14811.01 14811.01 14811.01 14811.01 14811.01 14811.01 14444.65 3528.759 3528.071 3528.071 3528.071 3528.071 3528.071 3528.071 3226.51 2672.546 2669.991 2667.362 2666.953 2675.497 2678.695 2678.695 2678.695 2678.695 2678.695 2678.695 2678.695 2678.695 2678.695 3065.231 3919.003 4119.556 4252.854 4323.025 4323.025 4323.025 4296.205 4150.705 4245.14 4030.27 6301.469 6764.563 6764.563 6764.563 6764.563 6189.519 4197.524 3437.656 3437.656 3437.656 4535.958 8533.835 8884.538 8884.538 8884.538 8884.538 7462.884 4854.008 4854.008 4854.008 4854.008 4854.008 4854.008 3703.104 2575.815 3543.19 3543.19 3543.19 3543.19 3543.19 3543.19 3543.19 4129.371 4890.091 4704.165
13383.2 14816.38 14816.38 14816.38 14816.38 13901.78 11207.33 9946.983 3529.364 3529.349 3529.349 3529.349 3529.349 3529.349 3529.349 3502.373 2833.687 2667.959 2667.918 2667.918 2668.475 2672.264 2670.639 2671.745 2676.334 2673.789 2677.761 2679.645 2678.262 2679.665 3150.174 3789.143 3789.143 3789.796 3895.757 3884.839 3904.397 3789.914 3789.143 3721.723 3203.099 3403.029 6001.001 6581.161 6692.538 6767.015 6767.015 4525.568 3438.901 3438.901 3438.901 6068.458 8887.757 8887.757 8887.757 6095.583 5565.229 5549.843 4855.768 4855.768 4855.768 4855.768 4855.768 4484.28 2300.62 2103.002 3400.978 3544.474 3544.474 3544.474 3544.474 3544.474 3585.434 4878.723 4579.234 4091.936
9786.774 14821.74 14821.74 14821.74 14821.74 9823.507 3737.273 3737.273 3677.638 3574.504 3530.627 3530.627 3530.627 3530.627 3530.627 3530.627 3178.458 2668.884 2668.884 2668.884 2668.884 2668.884 2668.884 2668.884 2668.884 2668.884 2663.22 2536.731 2528.23 2555.504 3687.146 3790.515 3790.515 3790.515 3790.515 3790.515 3790.515 3790.515 3790.515 3475.785 3133.133 3133.133 3340.039 3160.302 4970.541 6769.466 5212.612 3450.429 3440.147 3440.147 3474.874 6407.247 8890.977 8774.654 8359.729 3454.259 2261.372 4721.634 4857.526 4857.526 4857.526 4855.704 3867.136 2007.594 1891.744 1891.744 2386.049 2422.007 3009.488 3545.758 3615.573 3733.496 3712.697 4397.514 4083.959 4083.959
4767.568 13972.67 14827.09 14827.09 14827.09 12906.59 4190.718 3738.623 3738.623 3736.28 3699.401 3546.852 3531.902 3531.902 3531.902 3524.837 2682.723 2669.848 2669.848 2669.848 2669.848 2669.848 2669.848 2669.848 2669.848 2669.848 2652.778 2525.033 2519.615 2519.615 3348.274 3791.884 3791.884 3791.884 3791.884 3791.884 3791.884 3791.884 3791.884 3730.788 3134.264 3134.264 3134.264 3134.264 3474.631 5529.844 5059.098 3441.389 3441.389 3441.389 5274.867 8894.187 8282.217 3332.452 2262.188 2262.188 2906.488 4779.883 4859.28 4222.206 3256.835 3473.948 1892.427 1892.427 1892.427 1892.427 1892.427 1892.427 2758.66 3956.741 4215.381 4472.826 4085.434 4085.434 4085.434 4085.434
2643.466 5273.226 12309.14 14832.44 14032.35 6256.206 3739.972 3739.972 3739.972 3739.972 3642.207 3533.177 3533.177 3533.177 3533.177 3533.177 2685.873 2670.812 2670.812 2670.812 2670.812 2670.812 2670.812 2670.812 2670.812 2661.503 2540.036 2520.524 2520.524 2520.524 2727.098 3648.189 3793.253 3793.253 3793.253 3793.253 3793.253 3793.253 3793.253 3644.366 3135.396 3135.396 3135.396 3135.396 3135.396 3061.99 2831.485 3277.281 3442.631 3442.631 6895.77 7335.732 4742.519 2263.005 2263.005 2486.202 4496.927 4861.034 4803.73 3083.461 2263.005 2261.426 2032.364 1893.11 1893.11 1893.11 1893.11 1894.99 3987.53 5773.44 5773.44 5100.221 4271.894 4282.021 4253.58 4187.134
2644.417 2644.417 2842.381 11850.46 4604.018 3741.318 3741.318 3741.318 3741.318 3741.318 3726.945 3677.849 3534.448 3448.738 3534.448 3466.938 2694.131 2671.772 2671.772 2671.772 2671.772 2671.772 2671.772 2671.772 2671.772 2655.03 2542.515 2521.431 2521.431 2521.431 2521.431 2548.175 3177.785 3559.052 3794.617 3794.617 3794.617 3794.617 3794.617 3349.076 3136.523 3136.523 3136.523 3136.523 3136.523 2903.435 2714.426 2737.877 3232.166 3297.316 2496.308 2263.819 2263.819 2263.819 2263.819 2364.027 3348.189 4751.611 4759.329 2600.861 2263.819 2263.819 2122.835 1893.791 1893.791 1893.791 1893.791 2464.222 5775.518 5775.518 5775.518 5628.226 4742.857 4689.242 4689.242 4689.242
2645.366 2645.366 2645.679 3577.298 3742.661 3742.661 3742.661 3742.661 3742.661 3742.661 3704.572 3292.372 3322.355 2945.035 3151.549 2817.456 2672.732 2672.732 2672.732 2672.732 2672.732 2672.732 2672.732 2672.732 2672.732 2665.479 2580.657 2522.337 2522.337 2522.337 2522.337 2522.337 2522.337 2660.051 3387.544 3256.382 3791.469 3783.556 3738.874 3250.065 3137.65 3137.65 3137.65 3137.65 3089.361 2738.014 2715.4 2715.4 2741.865 2642.373 2423.223 2267.228 2264.632 2264.632 2264.632 2264.632 2264.632 2391.157 3704.058 3395.485 2264.632 2264.632 2227.371 1944.269 1894.471 1894.471 2871.38 5314.388 5777.592 5777.592 5679.227 4854.953 4690.926 4690.926 4690.926 4690.926
