indp90g.asc
ncols         816
nrows         816
xllcorner     65
yllcorner     5
cellsize      0.0416666666667
NODATA_value  -9999
[rows 68 to 101 of 816, columns 228 to 303 of 816]
0 105.2519 134.6313 393.3663 413.2669 438.9878 881.8536 851.8134 428.8907 827.2341 557.8182 844.3367 752.6654 467.4431 437.7649 366.2499 741.2969 423.2264 185.2563 403.6228 647.4348 624.7179 625.8467 612.6743 447.7984 590.3851 686.1514 596.2693 176.5692 6.856867 0 0 4.076716 404.0039 65.52577 0 0 0 0 0 0 0 0 0 0 0 0 0 0 0 0 0 0 0 0 0 0 0 0 0 0 0 0 0 0 0 0 0 0 0 0 0 0 0 0 0
30.58596 355.7171 390.4575 28.46188 78.67526 2.88361 637.848 382.8963 702.8337 609.1865 392.2566 474.4389 321.3604 185.3889 0 0 2.219269 199.91 467.1871 527.0043 789.5598 549.8926 652.182 344.6471 9.312702 389.6638 73.80799 240.502 114.8997 0 0 0 0 496.5573 80.18906 0 0 0 0 0 0 0 0 0 0 0 0 0 0 0 0 0 0 0 0 0 0 0 0 0 0 0 0 0 0 0 0 0 0 0 0 0 0 0 0 0
569.3591 703.6473 872.142 592.1259 894.2714 524.4766 124.1494 0 313.0019 636.5045 227.3537 14.5153 0 31.11639 22.56781 0 0 0 0 0 32.2049 93.98082 408.3002 486.333 372.9141 174.9725 216.2561 0 0 0 0 0 135.1479 438.8565 0 0 0 0 0 0 0 0 0 0 0 0 0 0 0 0 0 0 0 0 0 0 0 0 0 0 0 0 0 0 0 0 0 0 0 0 0 0 0 0 0 0
899.2015 899.2015 861.3008 711.3046 804.7444 718.7863 281.7288 67.63558 112.7737 0 6.169845 17.26916 410.8412 468.5659 676.3624 560.1152 494.816 364.844 451.5526 344.7865 363.8622 128.86 0 199.8974 619.8505 317.6639 381.9363 75.8821 0 195.9138 134.935 0.4607355 18.7615 149.8666 1.741324 66.4661 0 0 0 0 0 0 0 0 0 0 0 0 0 0 0 0 0 0 0 0 0 0 0 0 0 0 0 0 0 0 0 0 0 0 0 0 0 0 0 0
899.677 899.677 899.677 899.677 899.677 899.677 899.5216 689.6812 678.9594 203.9947 747.9481 683.1018 91.55872 156.9939 313.0558 649.0652 879.988 685.0455 641.9715 663.5762 612.9792 444.6415 436.3323 470.1963 780.7706 497.5989 234.1385 761.0102 562.5142 597.3754 898.5474 524.7207 606.7684 856.3712 594.4402 397.4013 77.58679 278.9623 194.7966 0 0 0 0 0 0 0 0 0 0 0 0 0 0 0 0 0 0 0 0 0 0 0 0 0 0 0 0 0 0 0 0 0 0 0 0 0
900.1519 900.1519 900.1519 900.1519 900.1519 900.1519 900.1519 900.1519 706.6731 828.725 831.9603 531.0867 854.9728 670.2473 353.8187 295.9283 706.6068 900.1519 900.1519 900.1519 900.1519 822.9593 579.3531 408.7269 665.7311 896.9905 380.4968 206.586 667.4034 572.7036 781.0358 704.9039 508.9242 146.0178 547.2696 893.6276 157.9447 324.0523 71.74472 0 0 0 0 0 0 0 0 0 0 4.250349 0 0 0 0 0 0 0 0 0 0 0 0 0 0 0 0 0 0 0 0 0 0 0 0 0 0
900.6259 900.6259 900.6259 900.6259 900.6259 900.6259 900.6259 900.6259 662.2537 560.565 481.6468 812.7717 663.3344 683.242 900.6259 880.8965 448.0461 813.0985 882.877 744.9675 900.6259 900.6259 900.6259 900.6259 900.6259 900.6259 885.1906 634.6654 92.41335 387.0965 375.572 795.8826 826.6847 715.5094 578.7574 234.9753 660.0769 385.8778 421.3528 0 0 0 0 0 0 0 0 105.0994 453.0985 160.7797 0 0 0 0 0 0 0 0 0 0 0 0 0 0 0 0 0 0 0 0 0 0 0 0 0 0
901.0997 901.0997 901.0997 901.0997 901.0997 901.0997 901.0997 901.0997 640.909 495.4663 216.8403 504.429 859.126 901.0997 901.0997 901.0997 900.0416 675.5204 673.5493 786.7951 901.0997 901.0997 901.0997 901.0997 901.0997 901.0997 901.0997 825.6214 724.788 205.2022 347.5278 855.3187 901.0997 901.0997 797.8735 451.7028 653.4454 206.4976 1.347083 0 0 0 0 0 16.63099 352.7778 362.6779 114.3936 104.4098 0.4934432 0 0 0 0 0 0 0 0 0 0 0 0 0 0 0 0 0 0 0 0 0 0 0 0 0 0
901.5731 901.5731 901.5731 901.5731 901.5731 901.5731 901.5731 766.9777 341.0173 170.1526 123.0501 560.986 722.4481 901.5731 901.5731 901.5731 901.5731 901.5731 901.5731 901.5731 901.5731 901.5731 901.5731 901.5731 901.5731 901.5731 901.5731 901.5731 813.1021 565.5599 647.165 247.9826 851.3566 901.5731 901.5731 890.807 702.2214 45.8978 0 60.10872 65.79298 26.36945 358.2838 11.21121 352.783 387.8036 0 0 30.71703 227.4658 0 0 0 0 0 0 0 0 0 0 0 0 0 0 0 0 0 0 0 0 0 0 0 0 0 0
902.046 902.046 902.046 902.046 902.046 902.046 902.046 902.046 902.046 803.8302 217.7699 731.3755 807.1943 827.5253 902.046 902.046 902.046 902.046 902.046 902.046 902.046 902.046 902.046 902.046 902.046 902.046 902.046 902.046 902.046 895.8651 690.3181 534.0453 349.5679 852.8 902.046 902.046 790.0021 95.68627 11.63905 420.0844 672.1077 585.8738 839.8369 360.7417 659.8252 531.7976 0 0 4.310408 346.5421 0 0 0 0 0 0 0 0 0 0 0 0 0 0 0 0 0 0 0 0 0 0 0 0 0 0
902.5183 902.5183 902.5183 902.5183 902.5183 902.5183 902.5183 902.5183 902.5183 902.5183 860.888 873.9874 902.5183 902.5183 902.5183 902.5183 902.5183 902.5183 902.5183 902.5183 902.5183 902.5183 902.5183 902.5183 902.5183 902.5183 902.5183 902.5183 902.5183 902.5183 902.2262 892.5918 861.1583 503.7417 902.5183 902.5183 744.386 230.5461 289.6535 797.452 270.4972 461.5911 524.671 353.978 277.6085 552.2298 404.4402 239.3381 0 232.4564 257.7829 95.63728 15.95041 0 0 0 0 0 0 0 0 0 0 0 0 0 0 0 0 0 0 0 0 0 0 0
902.9902 902.9902 902.9902 902.9902 902.9902 902.9902 902.9902 902.9902 902.9902 902.9902 902.9902 902.9902 902.9902 902.9902 902.9902 902.9902 902.9902 902.9902 902.9902 902.9902 902.9902 902.9902 902.9902 902.9902 902.9902 902.9902 902.9902 902.9902 902.4013 881.6309 902.9902 902.9902 902.9902 833.1334 902.7358 902.9902 890.3782 430.4277 700.3285 805.7932 778.1209 902.9902 640.3412 374.1063 567.759 852.5966 636.1721 322.963 0 384.446 252.2249 346.974 205.6644 151.795 0 0 0 0 0 0 0 0 0 0 0 0 0 0 0 0 0 0 0 0 0 0
903.4615 903.4615 903.4615 903.4615 903.4615 903.4615 903.4615 903.4615 903.4615 903.4615 903.4615 903.4615 903.4615 903.4615 903.4615 903.4615 903.4615 903.4615 903.4615 903.4615 903.4615 903.4615 903.4615 903.4615 903.4615 903.4615 903.4615 849.4491 290.2932 629.757 730.6359 442.0024 756.8958 847.3872 468.0818 903.4615 903.4615 903.389 903.4615 903.4615 856.2863 535.4806 670.4199 400.1698 4.171687 5.525747 60.44289 264.2593 0 308.4955 192.1985 300.8197 0 0.2429603 0 0 0 0 0 0 0 0 0 0 0 0 0 0 0 0 0 0 0 0 0 0
903.9328 903.9328 903.9328 903.9328 903.9328 903.9328 903.9328 903.9328 903.9328 903.9328 903.9328 903.9328 903.9328 903.9328 903.9328 903.9328 903.9328 903.9328 903.9328 903.9328 903.9328 903.9328 903.9328 903.9328 903.9328 903.9328 903.9328 577.4916 25.90964 228.9641 280.7537 248.3596 497.6016 621.8011 257.4388 650.5041 783.2535 903.9328 903.9328 841.3762 339.8491 125.6278 282.7361 54.06479 46.71481 312.5117 796.9454 205.8824 0 0 0 0 0 0 0 0 0 0 0 0 0 0 0 0 0 0 0 0 0 0 0 0 0 0 0 0
904.4031 904.4031 904.4031 904.4031 904.4031 904.4031 904.4031 904.4031 904.4031 904.4031 904.4031 904.4031 904.4031 904.4031 904.4031 904.4031 904.4031 904.4031 904.4031 904.4031 904.4031 904.4031 904.4031 904.4031 904.4031 904.4031 904.4031 718.4357 828.8181 683.5464 550.8397 403.326 429.6755 297.0856 71.36617 526.7426 746.4539 661.3334 797.1547 798.4919 117.6067 240.7141 250.9161 306.0101 741.4958 596.0822 896.3032 308.4371 0 5.482086 3.000203 0 0 0 0 0 454.5588 258.2983 167.1488 96.88239 221.5622 16.61328 0 0 0 0 0 0 0 0 0 0 0 0 0 0
904.8728 904.8728 904.8728 904.8728 904.8728 904.8728 904.8728 904.8728 904.8728 904.8728 904.8728 904.8728 904.8728 904.8728 904.8728 904.8728 904.8728 904.8728 904.8728 904.8728 904.8728 904.8728 904.8728 904.8728 904.8728 904.8728 904.8728 904.8728 904.8728 904.8728 904.8728 904.8728 705.1685 483.6057 693.0869 148.9124 56.98475 166.164 560.8129 544.2444 1.892083 458.2261 372.1151 322.37 904.8728 820.5851 776.9587 239.0262 0 226.1488 615.1541 65.2221 88.66818 115.6382 0 0 0 228.782 116.0462 220.9563 295.1302 586.6899 440.634 13.75297 0 0 0 0 0 0 0 0 0 0 0 0
905.3426 905.3426 905.3426 905.3426 905.3426 905.3426 905.3426 905.3426 905.3426 905.3426 905.3426 905.3426 905.3426 905.3426 905.3426 905.3426 905.3426 905.3426 905.3426 905.3426 905.3426 905.3426 905.3426 905.3426 905.3426 905.3426 905.3426 905.3426 905.3426 905.3426 905.3426 905.3426 905.3426 905.3426 905.3426 344.0688 0 589.9917 626.6182 296.3605 307.3578 808.8531 559.337 901.3054 905.3426 905.3426 888.2971 466.9582 96.75988 0.6908168 560.6533 514.086 462.9514 420.1889 0 0 0 263.6229 215.2155 398.1577 0 155.2411 206.9155 3.374087 0 0 0 0 0 0 0 0 12.8469 15.125 9.910882 11.23658
905.8113 905.8113 905.8113 905.8113 905.8113 905.8113 905.8113 905.8113 905.8113 905.8113 905.8113 905.8113 905.8113 905.8113 905.8113 905.8113 905.8113 905.8113 905.8113 905.8113 905.8113 905.8113 905.8113 905.8113 905.8113 905.8113 905.8113 905.8113 905.8113 905.8113 905.8113 905.8113 905.8113 905.8113 905.8113 899.8132 685.2522 811.5116 868.257 879.0128 653.5551 242.3367 347.2453 463.2324 856.4318 905.8113 905.8113 511.8059 28.14269 0 480.3392 373.8226 398.8091 77.38289 0 0 0 0 0 84.37799 160.011 257.2767 199.7425 65.33364 3.702524 0 0 0 0 0 0 0 2.487429 16.16647 21.26961 21.38967
906.28 898.7841 906.28 785.7717 702.2821 807.7048 906.28 906.28 906.28 906.28 906.28 906.28 906.28 906.28 906.28 906.28 906.28 906.28 906.28 906.28 906.28 906.28 906.28 906.28 906.28 906.28 906.28 906.28 906.28 906.28 906.28 906.28 906.28 906.28 906.28 906.28 906.28 906.28 906.28 739.7737 118.3033 112.5486 81.93907 638.8912 885.3056 906.28 897.6871 308.0615 3.178169 0 558.2968 490.4271 232.4001 211.0704 368.4541 81.22952 0 0 0 0 0 1.153155 488.1005 136.1437 301.194 0 0 0 0 0 0 0 0 0 11.14911 21.40073
906.7482 666.9261 845.546 385.978 74.85364 379.8829 864.7807 906.7482 906.7482 906.7482 906.7482 906.7482 906.7482 906.7482 906.7482 906.7482 906.7482 906.7482 906.7482 906.7482 906.7482 906.7482 906.7482 906.7482 906.7482 906.7482 906.7482 906.7482 906.7482 906.7482 906.7482 906.7482 906.7482 906.7482 906.7482 906.7482 906.7482 906.7482 906.7482 906.7482 740.3797 374.2325 244.6958 372.9592 783.845 906.7482 906.7482 863.2088 329.6455 217.9643 539.5851 665.3277 695.229 689.6401 408.4389 366.6599 0 18.05707 2.893694 0 0 0 164.538 391.445 225.8487 180.9908 29.29904 31.22102 0 0 0 0 0 0 1.650994 21.20687
595.0187 403.137 276.3104 189.0138 338.3381 907.2154 907.2154 907.2154 907.2154 907.2154 907.2154 907.2154 907.2154 907.2154 907.2154 907.2154 907.2154 907.2154 907.2154 907.2154 907.2154 907.2154 907.2154 907.2154 907.2154 907.2154 907.2154 907.2154 907.2154 907.2154 907.2154 907.2154 907.2154 907.2154 907.2154 907.2154 907.2154 907.2154 907.2154 907.2154 907.2154 742.6611 474.6723 265.1096 504.5685 907.2154 907.2154 758.7753 774.1608 527.0415 810.3338 770.9544 788.7374 907.2154 907.2154 360.221 0 292.1263 143.5076 0 0 0 0 305.3047 284.4088 286.8014 357.8022 446.3543 0.2750545 0 0 0 0 2.101373 10.67926 19.16489
361.5459 0 0 11.07267 525.3002 838.4142 907.6826 907.6826 907.6826 907.6826 907.6826 907.6826 907.6826 907.6826 907.6826 907.6826 907.6826 907.6826 907.6826 907.6826 907.6826 907.6826 907.6826 907.6826 907.6826 907.6826 907.6826 907.6826 907.6826 907.6826 907.6826 907.6826 907.6826 907.6826 907.6826 907.6826 907.6826 907.6826 907.6826 907.6826 907.6826 907.6826 907.6826 613.4506 804.863 907.6826 907.6826 907.6826 907.6826 907.6826 907.6826 907.6826 907.6826 907.6826 732.4968 43.52346 375.357 449.5576 387.3171 1.801838 0 0 31.07248 517.8121 365.6114 623.6077 715.378 144.3383 6.696192 0 0 0 0 0 0 13.21867
0 178.0065 367.4812 451.9846 877.5766 862.0238 908.1492 908.1492 908.1492 908.1492 908.1492 908.1492 908.1492 908.1492 908.1492 908.1492 908.1492 908.1492 908.1492 908.1492 908.1492 908.1492 908.1492 908.1492 908.1492 908.1492 908.1492 908.1492 908.1492 908.1492 908.1492 908.1492 908.1492 908.1492 908.1492 908.1492 908.1492 908.1492 908.1492 908.1492 908.1492 908.1492 908.1492 908.1492 908.1492 908.1492 908.1492 908.1492 908.1492 908.1492 908.1492 908.1492 668.3585 566.5276 86.49143 431.2616 751.3757 620.0223 572.8293 17.03927 0 115.0686 421.365 414.917 454.5354 871.105 237.659 9.250095 12.52603 9.093037 0.79712 0 0 0 0.002164708 6.752932
538.28 667.3962 857.8193 842.9905 908.6154 908.6154 908.6154 908.6154 908.6154 908.6154 908.6154 908.6154 908.6154 908.6154 908.6154 908.6154 908.6154 908.6154 908.6154 908.6154 908.6154 908.6154 908.6154 908.6154 908.6154 908.6154 908.6154 908.6154 908.6154 908.6154 908.6154 908.6154 908.6154 908.6154 908.6154 908.6154 908.6154 908.6154 908.6154 908.6154 908.6154 908.6154 908.6154 908.6154 908.6154 908.6154 908.6154 908.6154 908.6154 908.6154 908.6154 908.6154 894.9214 353.7613 199.1125 905.6891 908.6154 908.6154 746.9926 141.4207 0 0 118.6708 516.9016 586.7172 181.1591 21.27811 6.638356 1.091658 5.582125 4.113908 0.01404981 0 0 0.08794131 4.607154
669.1732 896.9087 909.081 909.081 909.081 909.081 909.081 909.081 909.081 909.081 909.081 909.081 909.081 909.081 909.081 909.081 909.081 909.081 909.081 909.081 909.081 909.081 909.081 909.081 909.081 909.081 909.081 909.081 909.081 909.081 909.081 909.081 909.081 909.081 909.081 909.081 909.081 909.081 909.081 909.081 909.081 909.081 909.081 909.081 909.081 909.081 909.081 909.081 909.081 909.081 909.081 909.081 909.081 838.6281 853.6718 909.081 909.081 909.081 876.5547 749.4392 370.4213 0 0 0 13.86484 21.46688 21.46688 12.01466 6.04663 2.608722 8.20253 2.137974 0.2162043 14.21977 19.77315 21.46688
909.5466 909.5466 909.5466 909.5466 909.5466 909.5466 909.5466 909.5466 909.5466 909.5466 909.5466 909.5466 909.5466 909.5466 909.5466 909.5466 909.5466 909.5466 909.5466 909.5466 909.5466 909.5466 909.5466 909.5466 909.5466 909.5466 909.5466 909.5466 909.5466 909.5466 909.5466 909.5466 909.5466 909.5466 909.5466 909.5466 909.5466 909.5466 909.5466 909.5466 909.5466 909.5466 909.5466 909.5466 909.5466 909.5466 909.5466 909.5466 909.5466 909.5466 909.5466 909.5466 909.5466 909.5466 909.5466 255.1477 462.4514 909.5466 365.381 5.616187 0 0 0 0 7.0731 20.96584 21.47787 21.47787 21.45277 16.34956 0.02143875 0 0 5.652074 11.63361 16.12502
910.0112 910.0112 910.0112 910.0112 910.0112 910.0112 910.0112 910.0112 910.0112 910.0112 910.0112 910.0112 910.0112 910.0112 910.0112 910.0112 910.0112 910.0112 910.0112 910.0112 910.0112 910.0112 910.0112 910.0112 910.0112 910.0112 910.0112 910.0112 910.0112 910.0112 910.0112 910.0112 910.0112 910.0112 910.0112 910.0112 910.0112 910.0112 910.0112 910.0112 910.0112 910.0112 910.0112 910.0112 910.0112 910.0112 910.0112 910.0112 910.0112 910.0112 910.0112 910.0112 910.0112 910.0112 885.5656 133.0095 16.27115 573.3994 288.5876 1.494349 0 0 0 0 0.7940236 5.128986 20.17381 21.48884 21.48884 21.4743 11.06144 10.75726 11.99089 6.884214 10.74425 7.612317
910.4752 910.4752 910.4752 910.4752 910.4752 910.4752 910.4752 910.4752 910.4752 910.4752 910.4752 910.4752 910.4752 910.4752 910.4752 910.4752 910.4752 910.4752 910.4752 910.4752 910.4752 910.4752 910.4752 910.4752 910.4752 910.4752 910.4752 910.4752 910.4752 910.4752 910.4752 910.4752 910.4752 910.4752 910.4752 910.4752 910.4752 910.4752 910.4752 910.4752 910.4752 910.4752 910.4752 910.4752 910.4752 910.4752 910.4752 910.4752 910.4752 910.4752 910.4752 910.4752 910.4752 910.4752 900.8685 628.0034 51.37083 2.055492 12.83443 7.32284 1.670967 0 0 0 0 1.688925 17.59753 20.5797 21.4998 21.4998 21.4998 20.30121 14.532 13.71839 14.40518 20.08706
910.9393 910.9393 910.9393 910.9393 910.9393 910.9393 910.9393 910.9393 910.9393 910.9393 910.9393 910.9393 910.9393 910.9393 910.9393 910.9393 910.9393 910.9393 910.9393 910.9393 910.9393 910.9393 910.9393 910.9393 910.9393 910.9393 910.9393 910.9393 910.9393 910.9393 910.9393 910.9393 910.9393 910.9393 910.9393 910.9393 910.9393 910.9393 910.9393 910.9393 910.9393 910.9393 910.9393 910.9393 910.9393 910.9393 910.9393 910.9393 910.9393 910.9393 877.8976 639.04 405.3089 225.7182 63.94885 21.51076 17.05759 4.541165 4.227245 4.562719 0 0.8237416 8.985827 8.756422 9.962483 0.2978395 7.588944 11.97809 21.51076 21.51076 21.51076 21.51076 21.51076 20.32089 13.06364 3.112019
911.4023 911.4023 911.4023 911.4023 911.4023 911.4023 911.4023 911.4023 911.4023 911.4023 911.4023 911.4023 911.4023 911.4023 911.4023 911.4023 873.3608 841.3746 854.2952 583.313 658.9104 864.2759 894.5486 911.4023 911.4023 911.4023 911.4023 911.4023 911.4023 911.4023 911.4023 911.4023 911.4023 911.4023 911.4023 911.4023 911.4023 911.4023 911.4023 911.4023 911.4023 911.4023 820.0797 499.8595 518.3395 525.9291 532.3913 543.9327 529.0153 306.4549 60.32409 21.52169 21.52169 21.52169 21.52169 21.52169 18.36395 6.724364 19.26128 18.49245 12.01345 9.361032 15.84251 11.70522 20.96897 6.576287 7.740397 2.943227 12.15778 21.48875 21.52169 21.52169 21.52169 21.52169 15.22851 0.3139952
911.8654 911.8654 2230.313 939.0105 872.4966 911.8654 911.8654 911.8654 911.8654 911.8654 911.8654 911.8654 911.8654 911.8654 761.8983 695.2286 237.9937 123.3384 123.3384 123.3384 123.3384 123.3384 301.9415 752.6602 911.8654 911.8654 911.8654 911.8654 911.8654 911.8654 911.8654 910.7429 665.0762 576.1272 556.6539 196.4758 155.4829 167.8186 173.5866 179.3242 122.6367 129.2148 53.81785 21.53263 21.53263 21.53263 21.53263 21.53263 21.53263 21.53263 21.53263 21.53263 21.53263 21.53263 21.53263 21.53263 21.53263 21.50025 21.53263 21.53263 21.53263 15.41565 19.41231 13.20449 21.05296 20.8317 5.109161 1.218398 16.15965 9.067161 20.59478 21.53263 21.53263 21.53263 10.72459 5.985488e-05
1343.015 2623.183 3763.207 461.1202 291.8268 498.518 881.6896 912.3273 912.3273 912.3273 912.3273 912.3273 912.3273 837.9526 148.3009 126.5361 123.4009 123.4009 123.4009 123.4009 123.4009 123.4009 123.4009 138.784 654.1534 912.3273 820.7368 912.3273 712.6309 568.8779 214.0261 201.5997 123.4009 123.4009 123.4009 123.4009 123.4009 123.4009 123.4009 123.4009 35.5612 21.54353 21.54353 21.54353 21.54353 21.54353 21.54353 21.54353 21.54353 21.54353 21.54353 21.54353 21.54353 21.54353 21.54353 21.54353 21.54353 21.54353 21.54353 21.54353 21.54353 20.93764 19.12132 21.54353 21.54353 19.63179 5.730809 0.01151922 0.2942522 0 13.76542 21.54353 21.54353 21.54353 19.76156 7.076777
3807.189 3807.189 3190.299 156.6393 134.7018 134.7018 457.5228 523.824 522.1617 912.7893 912.7893 873.8008 608.9891 519.0345 134.7018 133.1675 127.2041 123.4634 123.4634 123.4634 123.4634 123.4634 123.4634 123.4634 174.167 253.4306 170.7186 273.2014 145.9967 123.4634 123.4634 123.4634 123.4634 123.4634 123.4634 123.4634 123.4634 123.4634 123.4634 123.4634 62.85516 21.55444 21.55444 21.55444 21.55444 21.55444 21.55444 21.55444 21.55444 21.55444 21.55444 21.55444 21.55444 21.55444 21.55444 21.55444 21.55444 21.55444 21.55444 21.55444 21.55444 21.55444 21.55444 21.55444 21.55444 19.61881 16.88838 6.395823 9.928376 13.18111 19.04444 21.55444 21.55444 21.55444 21.52788 11.87363
3809.112 3809.112 1923.641 134.7699 134.7699 134.7699 134.7699 134.7699 136.4634 271.128 682.6644 291.6663 134.7699 134.7699 134.7699 134.7699 134.7699 132.608 124.257 123.5257 123.5257 123.5257 123.5257 123.5257 123.5257 123.5257 123.5257 123.5257 123.5257 123.5257 123.5257 123.5257 123.5257 123.5257 123.5257 123.5257 123.5257 123.5257 123.5257 123.5257 102.8861 24.16069 21.56533 21.56533 21.56533 21.56533 21.56533 21.56533 21.56533 21.56533 21.56533 21.56533 21.56533 21.56533 21.56533 21.56533 21.56533 21.56533 21.56533 21.56533 21.56533 21.56533 21.56533 21.56533 21.56533 21.56533 21.56533 21.56533 17.23518 21.56533 21.56533 21.56533 21.56533 21.56533 21.12519 5.59085
