indp00ag.asc
ncols         816
nrows         816
xllcorner     65
yllcorner     5
cellsize      0.0416666666667
NODATA_value  -9999
[rows 306 to 339 of 816, columns 532 to 607 of 816]
15468.34 15788.72 15788.72 15788.72 15808.99 18716.85 18944.38 18320.63 12020.46 11833.9 11833.9 12644.57 13877.79 13892.83 13879.04 13871.66 13873.58 14165.12 15730.06 13369.48 11283.45 11229.04 12077.41 12547.78 12547.78 12547.78 12547.78 12476.92 5158.76 0 0 0 0 0 0 0 0 0 0 806.5707 5719.922 0 425.4094 2487.924 2536.253 84.09425 0 10172.37 18470.94 18470.94 16462.98 16012.97 16012.97 16576.59 17415.94 16186.95 15579.76 14196.48 10586.68 11339.08 16786.64 8996.539 7484.542 7484.542 7398.611 7353.363 7478.575 12897.75 14342.74 13560.41 9175.079 8788.827 11818.63 13873.8 13877 11971.55
15794.37 15794.37 15794.37 15794.37 15808.32 18669.8 18951.15 18951.15 13173.74 11838.14 11838.14 11959.12 13712.74 13907.34 13907.34 13907.34 13907.34 14092.33 15820.26 15725.07 14074.91 12233.93 12552.27 12552.27 12552.27 9171.716 6125.605 2491.452 0 0 0 0 0 0 0 0 0 0 0 0 0 0 0 0 0 0 0 9918.371 18477.55 18477.55 16803.43 17514.72 19149.57 21772.95 23000.48 22370.28 20023.46 20811.02 10467.13 4414.03 13796.65 7691.512 7487.22 7487.22 7380.445 7355.902 7355.902 11306.42 14349.54 14349.54 10536.58 8514.485 7407.675 8395.202 7406.624 6549.514
14493.42 13572.16 13142.51 13466.95 15384.81 18957.93 18957.93 19351.55 19980.77 14227 15965.48 17150.91 14038.5 13912.32 13912.32 13912.32 14214.37 15485.37 15825.61 14165.53 12043.69 12055.43 12387.42 12552.79 6775.166 525.029 0 0 0 0 0 0 0 0 0 0 0 0 0 0 0 0 0 0 0 0 0 2073.695 17228.02 17660.92 14758.16 21246.44 23008.71 22474.59 22494.55 22977.9 23008.71 16604.81 0 0 1175.687 1195.161 6713.207 7419.421 7367.526 7358.533 7358.533 9342.008 14354.67 14354.67 13480.78 8517.104 6874.41 6541.179 6541.179 6541.179
11805.36 11805.36 11805.36 11805.36 12597.1 18808.14 18964.69 20330.7 21997.49 21997.49 20668.53 17099.77 12725.58 12879.88 13041.76 13655.26 15630.49 15831.56 15218.01 12486.56 12047.98 12047.98 12064.35 11652.01 1225.296 0 0 0 0 0 0 0 0 0 0 0 0 0 0 0 0 0 0 0 0 0 0 0 40.56264 3295.932 14299.96 14534.92 16721.62 16635.94 16617.55 16844.05 17511.22 15765.63 3168.923 0 0 0 2904.124 7362.439 7361.157 7361.157 7361.157 11274.59 14359.79 14195.74 9377.884 7809.523 6682.383 6543.511 6543.511 6543.511
13169.21 11809.56 11809.56 11809.56 11809.56 16325.18 18971.44 20181.08 22005.31 21644.89 17444.88 12014.09 11692.6 11692.6 11692.6 11952.35 14465.96 14120 14429.23 12267.16 12052.27 12052.27 12052.27 11828.15 3437.037 0 0 0 0 0 0 0 0 0 0 0 0 0 0 0 0 0 0 0 0 0 0 0 0 0 7487.694 14070.69 14583.28 16255.92 16623.47 16623.47 16623.47 15495.6 5561.271 0 0 0 1274.552 7363.776 8211.502 12907.61 13576.59 14335.29 14364.9 12005.77 6528.447 5139.212 5826.935 6545.839 6545.839 6545.839
12125.08 11813.77 11813.77 11813.77 11813.77 13553.53 18978.19 18995.46 21943.24 21132.54 19790.93 18695.18 14481.69 12034.38 11696.76 12322.6 13135.5 13135.5 13125.85 12717.54 12639.23 12057.07 12056.55 9972.161 1736.139 0 0 0 0 0 0 0 0 0 0 0 0 0 0 0 0 0 0 0 0 0 0 0 0 0 0 1371.525 10205.94 7598.602 5690.839 15031.85 14441.92 6376.777 0 0 0 0 127.0864 5954.77 12259.73 14370.01 14370.01 14293.79 10686.55 5418.824 5141.041 5613.038 6422.176 6548.168 6548.168 6548.168
11817.96 11817.96 12176.4 12024.77 11937.32 12960.13 20428.74 20734.96 21492.35 19173.11 19359.46 19797.95 19797.37 19667.04 12632.04 12569.09 13140.16 13140.16 13140.16 13140.16 12878.83 12060.85 10724.5 791.8556 0 0 0 0 0 0 0 0 0 0 0 0 0 0 0 0 0 0 0 0 0 0 0 0 0 0 0 0 0 0 0 0 476.2959 3691.048 0 0 0 0 0 1431.821 11261.08 14375.11 12015.27 7309.358 5142.864 5142.864 5142.864 5493.5 6260.219 6234.238 6222.784 4951.086
14523.88 14240.86 14063.51 11722.29 12146.54 12146.05 12172.32 14697.13 15632.2 12916.13 16359.08 18660.83 14868.25 14629.79 14217.34 13069.72 13144.81 13174.53 13144.81 13144.81 12593.72 12065.1 5406.966 0 0 0 0 0 0 0 0 0 0 0 0 0 0 0 0 0 0 0 0 0 0 0 0 0 0 0 0 0 0 0 0 0 0 0 0 0 0 0 0 990.5327 5868.7 11578.13 5459.43 5144.684 5144.684 5144.684 5144.513 4659.746 2098.48 2721.686 2721.953 2721.953
15308.51 15308.51 14823.6 11340.91 12099.89 12104.76 11459.19 11446.38 11446.38 11446.38 11135.43 8100.197 7619.635 7619.635 9739.399 14684.64 16409.65 16203.01 15019.4 16392.86 15976.29 16700.6 3232.024 0 0 0 0 0 0 0 0 0 0 0 0 0 0 0 0 0 0 0 0 0 0 0 0 0 0 0 0 0 0 0 0 0 0 0 0 0 0 0 0 0 2770.373 5146.504 5146.504 5146.504 5146.504 5080.977 4628.56 3386.81 1204.752 1511.782 2104.9 2721.901
15306.28 13952.82 12669 11275.51 11413.27 11515.87 11374.29 11450.42 11450.42 9392.74 7841.436 7622.322 7622.322 7622.322 8576.813 11909.98 13351.41 17030.09 17398.2 17398.2 17398.2 17398.2 10290.54 0 0 0 0 0 0 0 0 0 0 0 0 0 0 0 0 0 0 0 0 0 0 0 0 0 0 0 0 0 0 0 0 0 0 0 0 0 0 0 0 319.4968 5136.638 5148.319 5148.319 5148.319 4994.618 4755.288 3722.233 1366.819 1200.475 1200.475 1200.475 1326.218
11524.33 11209.08 11209.08 11256.6 11281.03 11281.03 16196.47 25755.45 22352.26 9954.332 7630.386 7625.005 7625.005 7625.005 7625.005 11564.43 12049.83 14597.42 17404.32 17404.32 17404.32 17190.35 12106.11 1287.025 2584.815 4010.078 2602.104 0 0 0 0 0 0 0 0 0 0 0 0 0 0 0 0 0 0 0 0 0 0 0 0 0 0 0 0 0 0 0 0 0 0 0 0 1135.819 5150.131 5150.131 5150.131 5148.556 4662.474 4599.667 3811.943 1397.786 1200.898 1200.898 1200.898 1200.898
11213.02 11213.02 11213.02 11249.59 11284.99 11284.99 27453.83 29432.63 29432.63 29163.99 12007.57 7627.685 9971.279 11667.52 11146.19 13281.97 12438.22 12962.12 16151.95 17410.44 17410.44 16670.91 16374.41 14449.07 16278.43 11177.51 8911.464 1971.97 0 0 0 0 0 0 0 0 0 0 0 0 0 0 0 0 0 0 0 0 0 0 0 0 0 0 0 0 0 0 0 0 0 0 0 23.20004 4835.077 5151.941 5151.941 4935.582 4601.284 4601.284 4601.284 2828.07 1800.969 1269.208 1201.32 1201.32
11216.95 11229.69 11381.64 11240.72 11288.95 11288.95 23986.11 29442.95 29442.95 29442.95 11905.28 8474.681 14810.55 15193.47 15193.47 15193.47 14678.14 13480.83 12385.26 13758.9 17165.65 16556.28 16380.16 16380.16 16380.16 11897.97 10761.53 10031.98 4945.866 0 0 0 0 0 0 0 0 0 0 0 0 0 0 0 0 0 0 0 0 0 0 0 0 0 0 0 0 0 0 0 0 0 0 675.5148 4934.716 9009.875 14851.04 4803.214 4602.897 4602.897 4602.897 4602.897 4316.436 2518.777 1638.349 1201.741
11220.88 11376.27 12417.33 12283.82 11955.89 11910.78 14466.07 21998.98 20902.33 19867.72 9569.213 12038.25 15198.8 15198.8 15198.8 15198.8 15125.01 14680.19 14084 13932.84 14945.32 16290.25 16385.9 16385.9 15510.65 10866.41 10765.3 11185.79 11741.88 5038.567 1031.916 0 0 0 0 0 0 0 0 0 0 0 0 0 0 0 0 0 0 0 0 0 0 0 0 0 0 0 0 0 0 0 0 0 10352.81 21525.23 21718.85 14406.56 4874.778 4604.511 4604.511 4137.462 3350.194 2847.311 2784.969 1591.893
13046.49 11544.69 12038.6 12599.2 12584.55 12404.74 12400.82 12400.82 12400.82 10132.42 9238.357 9703.229 12928.24 15204.11 15234.9 15576.48 16746.96 15809.25 14437.82 14437.82 14437.82 16050.84 16391.62 16391.62 14501.38 10769.07 11280.71 11836.77 12074.53 12074.53 8874.564 0 0 0 0 0 0 0 0 0 0 0 0 0 0 0 0 0 0 0 0 0 0 0 0 0 0 0 0 0 0 0 0 0 1446.982 21726.85 21726.85 21726.85 16872.27 5775.85 4606.121 4109.036 2919.595 2848.306 2848.306 2838.006
14382.24 13425.8 12693.11 12603.59 12499.05 12405.14 12405.14 12405.14 12406.14 28817.35 32566.98 10326.53 11156.53 15045.53 17085.46 18014.7 18014.7 16863.69 14442.85 14442.85 14588.32 16183.63 16397.34 16397.34 15142.68 10946.22 11746.98 12078.74 12078.74 12056.13 9105.893 616.0826 0 0 0 0 0 0 0 0 0 0 0 0 0 0 0 0 0 0 0 0 0 0 0 0 0 0 0 0 0 0 0 0 1893.892 17412.84 16178.03 16119.53 8762.489 4641.458 4505.368 4607.727 4148.916 2849.3 2849.3 2849.3
14555.06 14253.1 12749.27 12259.85 11860.35 12459.62 12502.38 12409.46 17128.43 40121.82 45026.7 15392.79 10490.88 12767.84 18016.95 18020.97 18020.97 17870.08 14623.82 14447.88 14979.18 16241.05 15768.57 16223.79 16036.45 12142.45 12082.94 12078.56 11489.17 10867.86 11068.04 9515.697 943.1922 0 0 0 0 0 0 0 0 0 0 0 0 0 0 0 0 0 0 0 0 0 0 0 0 0 0 0 0 0 0 0 6530.542 7094.417 3988.327 3988.327 3988.327 3988.327 4029.921 4188.619 4218.103 3027.886 2850.292 2850.292
14354.44 11940.32 11710.92 10858.93 11895.38 13218.11 13262.83 13101.19 12968.26 34028.55 45220.89 27420.64 14510.14 14875.15 16241.9 17985.89 17466.61 11765.2 10351.7 13554.43 14416.61 13846.15 13501.93 14435.1 13127.56 12252.08 12047.13 11174.39 10808.77 10808.77 10808.77 10808.77 9613.068 3969.031 2669.633 366.1568 0 856.9177 4501.877 1871.843 0 0 0 0 0 0 0 0 0 0 0 0 0 0 0 0 0 0 0 0 0 0 0 0 3982.847 2646.532 2665.637 3648.134 3953.47 3989.714 3761.376 3281.245 2865.472 2858.863 2851.282 2658.895
12997.69 10524.61 10820.55 8674.086 7837.297 13184.85 13267.57 13267.57 13267.57 15446.85 23768.08 15610.04 14913.15 14873.96 16492.81 17708.34 10585.52 8229.268 8229.268 18259.55 26140.79 16453.08 13496.7 13496.7 13487.61 13251.71 11099.28 10812.52 10812.52 10812.52 11337.46 10902.04 11227.2 11785.78 11785.78 8564.739 5360.645 9783.319 9879.593 8767.748 177.2839 0 0 0 0 0 0 0 0 0 0 0 0 0 0 0 0 0 0 0 0 0 0 0 1506.009 2034.899 2034.899 2034.899 2620.53 2818.217 2164.945 2026.24 2260.035 2852.272 2847.452 1395.528
18415.16 8547.123 7726.873 6921.115 9407.201 13095.79 13272.17 13272.17 13120.98 13999.03 13713.35 11108.16 11850.99 14259.41 12269.93 11216.58 8232.117 8232.117 8232.117 25066.34 27925.5 23549.87 13501.37 13501.37 13501.37 13508.24 11997.33 12552.23 12613.76 12356.15 13825.31 12002.01 11786.09 11789.86 11789.86 11789.86 10958.27 9940.528 9940.528 8054.745 54.59738 0 0 0 0 0 0 0 0 0 0 0 0 0 0 0 0 0 0 0 0 0 0 250.4026 1998.661 2035.604 2035.604 2035.604 2035.604 2035.604 1850.031 1450.377 2061.097 2497.406 2474.913 1278.992
18934.74 7925.107 10125.38 11975.28 12689.47 12796.19 13276.77 13276.75 11501.96 10733.43 10801.73 10732.63 10755.31 13493.05 10619.01 8234.962 8234.962 8234.962 8234.962 24767.5 27531.49 26220.41 13907.02 13506.04 13855.8 14494.98 14537.3 14535.59 14274.33 14260.98 13684.66 11816.44 11793.93 11793.93 11793.93 11670.39 10650.95 9943.965 9943.965 8836.104 117.5977 0 0 0 0 0 0 0 0 0 0 0 0 0 0 0 0 0 0 0 0 0 0 690.6885 2036.307 2036.307 2036.307 2036.307 2036.307 1715.644 1294.24 1285.205 1291.446 1296.489 1745.758 1300.774
9644.581 9377.87 16699.12 19248.85 15306.38 13456.7 13430.59 13412.67 11740.68 11319.27 10824.92 10736.33 10766.08 12939.01 14472.11 8281.134 8237.804 8237.804 11281.22 18023.54 17639.32 17635.72 14670.96 13510.7 14012.17 14542.31 14542.31 14493.95 14265.9 14088.15 11918.39 11845.96 11892.9 11937.94 11891.9 11576.24 9947.396 9947.396 10130.32 9974.504 5737.65 1669.311 0 0 0 0 0 0 0 0 0 0 0 0 0 0 0 0 0 0 0 0 0 689.0449 2037.01 2037.01 2037.01 2037.01 1723.911 1292.538 1285.648 1285.648 1285.648 1285.648 1285.648 1284.382
7279.249 9568.285 18857.46 19892.16 15738.65 13461.65 13461.65 13466.01 13472.99 13498.96 12738.93 11888.87 13469.03 14750.18 14759.89 11430.08 8240.641 8416.853 12997.83 17641.8 17641.8 17638.41 14258.25 13515.35 13540.19 13750.18 13948.98 14412.93 14270.82 13065.96 11793.64 12127.71 12131.08 12131.08 12131.08 12451.18 13771.84 13939.35 14986.39 12815.99 14046.42 13116.05 8341.772 7908.928 1211.391 0 0 0 0 0 0 0 0 0 0 0 0 0 0 0 0 0 0 111.0451 2007.873 1677.519 1626.008 1975.228 1344.555 1286.091 1286.091 1286.091 1286.091 1286.091 1286.091 1282.731
9974.04 14970.43 19899 19209.06 13466.27 13466.27 13466.27 12581.39 12768.62 13473.05 13503.6 13503.6 13439.31 13881.64 14561.29 14764.82 10702.7 13763.02 17474.57 17295.37 17328.48 16003.96 12858.79 12758.36 12587.14 12548.96 12549.87 12652.28 11551.54 10296.3 11150 12135.25 12135.25 12135.25 12135.25 12410.7 14997.57 15184.12 15184.12 15184.12 14711.12 13064.24 12174.57 6603.558 317.1964 0 0 0 0 0 0 0 0 0 0 0 0 0 0 0 0 0 0 0 283.5042 53.57455 0 268.7982 709.6698 1196.543 1286.533 1286.533 1286.533 1286.533 1286.533 1286.533
19279.47 19905.83 19905.83 19847.49 13630.68 11543.83 12862.91 8783.474 8005.993 8862.042 8409.417 10056.5 7781.418 11187.03 13231.5 15774.65 16627.67 16664.67 16664.67 16667.71 16664.67 14373.36 12553.26 12553.26 12553.26 12553.26 12553.26 12185.75 10261.2 9970.791 11887.26 11113.8 12139.41 12139.41 12139.41 12213.08 14591.33 15179.17 15189.33 15139.29 14322.24 12810.25 9805.945 0 0 0 0 0 0 0 0 0 0 0 0 0 0 0 0 0 0 0 0 0 0 0 0 0 0 77.02613 625.987 954.4491 1237.102 1286.974 1286.974 1286.974
18393.29 18506.71 19386.89 20655.31 20991.43 10784.18 10324.9 9945.889 8382.787 7490.367 5994.718 6354.585 7469.203 10464.52 12664.65 14548.02 16333.62 16670.38 16670.38 16698.78 18216.18 13838.95 12557.56 12557.56 12557.56 12557.56 12557.56 11014.3 9955.544 10019.89 7641.263 363.0435 2656.201 6879.466 2341.593 1048.901 525.1249 4396.074 8619.697 7580.559 1476.175 8700.878 5340.79 0 0 0 0 0 0 0 0 0 0 0 0 0 0 0 0 0 0 0 0 0 0 0 0 0 0 0 0 0 29.87601 249.3343 455.7167 649.4019
16922.46 16922.46 16922.46 19284.41 21484.87 12985.15 10227.41 9829.822 8148.114 7040.292 5996.767 6391.146 7284.249 10468.1 12700.5 13940.76 13966.23 15358.22 20510.06 31353.02 31742.34 12423.14 12251.67 12397.85 12510.59 12561.86 12553.61 10429.91 9958.947 9958.947 8251.786 6.089351 0 0 0 0 0 0 0 0 0 0 0 0 0 0 0 0 0 0 0 0 0 0 0 0 0 0 0 0 0 0 0 0 0 0 0 0 0 0 0 0 0 0 0 0
16928.22 17868.92 18484.63 20636.12 18163.88 7307.252 8202.067 8093.676 7614.522 6199.484 6037.333 6754.667 7593.849 10471.66 12739.9 13945.51 13945.51 13945.51 15205.3 31215.79 32681 14377.15 11064.89 11052.29 11070.13 11051.84 10494.97 9940.344 9950.297 9959.936 5935.365 0 0 0 0 0 0 0 0 0 0 0 0 0 0 0 0 0 0 0 0 0 0 0 0 0 0 0 0 0 0 0 0 0 0 0 0 0 0 0 0 0 0 0 0 0
18859.16 19904.62 19912.55 20400.58 6878.453 5366.725 5366.725 5367.446 5825.624 6000.854 6004.116 6717.963 8367.991 10475.23 11045.73 12168.05 13738.27 13950.26 13950.26 25839.98 25920.88 20193.9 12327.03 11028.35 11023.82 10194.57 9899.496 9899.496 9899.496 9900.069 4967.418 0 0 0 0 0 0 0 0 0 0 0 0 0 0 0 0 0 0 0 0 0 0 0 0 0 0 0 0 0 0 0 0 0 0 0 0 0 0 0 0 0 0 0 0 0
11950.35 15684 19816.14 19919.12 6490.642 5368.549 5368.549 5492.609 5953.245 6002.893 5939.983 6624.473 8906.076 10490.94 10858.07 11412.94 14725.21 13955 16115.41 22141.33 20906.06 20906.06 15708.07 11032.1 10944.75 9902.861 9902.861 9902.861 9902.861 9853.845 3557.611 0 0 0 0 0 0 0 0 0 0 0 0 0 0 0 0 0 0 0 0 0 0 0 0 0 0 0 0 0 0 0 0 0 0 0 0 0 0 0 0 0 0 0 0 0
11954.4 11954.4 14007.14 16469.37 6163.862 5370.37 5370.37 5585.402 5827.034 5880.208 5704.944 6525.815 8522.717 13495.22 15404.63 15404.63 24593.7 46695.16 48390.62 39583.72 20527.78 20792 20279.79 11399.41 11031.67 9879.128 9906.222 9906.222 9906.222 6801.572 0 0 0 0 0 0 0 0 0 0 0 0 0 0 0 0 0 0 0 0 0 0 0 0 0 0 0 0 0 0 0 0 0 0 0 0 0 0 0 0 0 0 0 0 0 0
11958.45 11958.45 11958.45 11958.45 5757.131 5372.187 5372.187 5559.529 5698.583 5698.583 5698.583 6244.474 6174.781 14666.37 15409.84 15409.84 24874.95 49797.49 49768.28 28057.02 19665.45 19788.4 20721.22 11419.92 2059.389 1574.906 9097.552 9792.263 3771.002 1220.603 0 0 0 0 0 0 0 0 0 0 0 0 0 0 0 0 0 0 0 0 0 0 0 0 0 0 0 0 0 0 0 0 0 0 0 0 0 0 0 0 0 0 0 0 0 0
11660.45 11827.49 11875.32 11932.32 5655.758 5374.002 5374.002 5484.751 5700.509 5700.509 5700.509 5700.509 6040.474 8834.035 9656.655 16050.11 16223.21 39384.29 39336.36 19672.1 19672.1 19672.1 20217.71 15316.65 0 0 3925.702 7937.793 771.2548 0 0 0 0 0 0 0 0 0 0 0 0 0 0 0 0 0 0 0 0 0 0 0 0 0 0 0 0 0 0 0 0 0 0 0 0 0 0 0 0 0 0 0 0 0 0 0
11220.68 11220.68 11301.03 11222.77 3222.16 4221.775 4134.305 4260.525 5577.127 5654.978 5700.052 6803.984 7866.601 7895.645 11562.58 16168.92 16421.19 20957.11 22522.86 20071.71 19896.1 19678.74 20060.05 15834.15 43.07962 0 0 151.6122 0 0 0 0 0 0 0 0 0 0 0 0 0 0 0 0 0 0 0 0 0 0 0 0 0 0 0 0 0 0 0 0 0 0 0 0 0 0 0 0 0 0 0 0 0 0 0 0
