indp90g.asc
ncols         816
nrows         816
xllcorner     65
yllcorner     5
cellsize      0.0416666666667
NODATA_value  -9999
[rows 272 to 305 of 816, columns 228 to 303 of 816]
2500.258 2473.977 2537.879 2413.002 2543.003 3069.598 3484.034 3484.034 3484.034 3501.611 3992.386 4837.702 4988.231 4988.231 4988.231 4988.231 4988.231 4988.231 4988.231 4988.231 4988.231 4782.38 4250.508 4198.464 4198.464 4198.464 4198.464 4198.464 4198.464 4229.445 5115.106 5264.264 5264.264 5264.264 5264.264 5437.425 6917.907 7186.936 7186.936 7186.936 7186.936 7186.936 5600.92 4315.707 4315.707 4315.707 4325.039 4827.056 6887.824 6887.824 6887.824 6877.585 6887.824 6640.333 5208.947 5067.161 5038.593 5038.593 5179.464 5760.251 6951.392 6951.392 6951.392 6803.758 5569.825 5569.825 5569.825 5639.873 6671.532 6815.63 6815.63 6815.63 6815.63 6815.63 6974.702 9526.291
2538.845 2538.845 2538.845 2538.845 2538.845 3117.159 3298.531 3485.361 3489.908 3589.724 4717.375 4990.13 4990.13 4990.13 4990.13 4990.13 4990.13 4971.902 4432.074 4872.648 4990.13 4990.13 4523.221 4200.062 4200.062 4200.062 4200.062 4200.062 4200.062 4200.062 4369.936 4962.192 5266.268 5266.268 5266.268 6119.901 7068.678 7189.672 7189.672 7189.672 6692.439 5306.937 4755.566 4276.389 4174.533 4267.546 4440.419 6280.818 6890.447 6890.447 6890.447 6890.447 6890.447 5940.245 5040.511 5040.511 5040.511 5040.511 6838.34 6235.812 6431.65 6557.976 6797.93 6297.257 5571.946 5571.946 5571.946 5822.083 7599.92 9300.752 7873.632 6818.225 8892.986 8169.46 11115.14 11270.18
2539.81 2539.81 2539.81 2539.81 2539.81 2539.81 2868.322 4080.491 4454.116 4992.027 4992.027 4992.027 4992.027 4992.027 4992.027 4992.027 4992.027 4748.99 3573.005 3774.23 4489.821 4660.484 4147.831 4201.659 4201.659 4201.659 4201.659 4201.659 4201.659 4201.659 4201.659 4221.97 4661.52 4716.207 5249.407 5268.27 6180.816 6486.848 5838.459 7192.405 7171.831 4937.322 4318.991 4134.19 3306.18 3214.681 4184.964 6106.959 6893.066 6893.066 6893.066 6893.066 6893.066 5914.353 5042.427 5042.427 5042.427 7004.854 26147.76 13257.77 14625.96 6147.856 6141.309 5888.449 5569.373 5447.698 5488.793 5646.895 12200.35 12548.8 11524.31 10817.47 12249.05 12548.8 12548.8 12545.16
2563.266 2540.774 2540.774 2692.045 2707.886 3010.26 4357.961 4993.921 4993.921 4993.921 4993.921 4993.921 4993.921 4993.921 4993.921 4993.921 4993.921 4047.803 3574.361 3574.361 4094.543 4006.108 4037.626 4203.253 4203.253 4203.253 4203.253 4203.253 4203.253 4203.253 4203.253 4203.253 4203.253 4203.253 4345.382 4410.504 3587.158 3512.893 3968.469 6341.727 6023.094 4137.815 3969.715 3713.205 3411.217 3192.867 4155.543 6895.681 6895.681 6895.681 6895.681 6895.681 6759.745 5066.855 5044.34 5044.34 5071.227 5553.124 21112.15 25811.76 20462.29 10906 6150.189 6150.189 5757.312 5341.056 5345.706 5353.771 8093.965 11379.14 12553.56 12553.56 12553.56 12553.56 12553.56 12553.56
2861.346 2694.352 2643.633 2840.81 2890.695 3037.999 3272.906 3970.9 4995.812 4995.812 4914.797 4630.32 4797.895 4995.812 4995.812 4822.828 4167.722 3575.755 3575.715 3575.715 3575.715 3575.715 4028.013 4204.845 4204.845 4204.845 4204.845 4204.845 4204.845 4204.845 4204.845 4204.845 4204.845 4204.845 4204.845 3971.165 3514.224 3514.224 3514.224 3514.224 3514.224 3458.961 3194.077 3194.077 3194.077 3194.077 5981.768 6898.293 6898.293 6898.293 6898.293 6898.293 6121.605 5046.25 5046.25 5441.972 6334.787 6396.859 10970.76 25133.3 20544.65 10073.26 6152.519 6129.906 5362.251 5336.085 5336.085 5336.085 5336.085 7392.771 11997.54 12558.32 12558.32 12558.32 12558.32 12558.32
2891.787 2891.787 2891.787 2891.787 2891.787 2891.787 2891.787 3235.759 3752.073 4256.497 3661.125 3577.067 3753.128 4156.983 4608.759 4722.947 3640.156 3577.067 3577.067 3577.067 3577.067 3577.067 4014.71 4206.435 4206.435 4206.435 4206.435 4206.435 4206.435 4206.435 4206.435 4206.435 4206.435 5156.851 5949.202 5508.167 4064.405 3515.552 3515.552 3515.552 3515.552 3352.407 3195.284 3195.284 3195.284 3195.284 6139.985 6900.901 6900.901 6900.901 6900.901 6900.901 5916.05 5097.017 5217.658 6395.242 6584.438 6584.438 6398.998 7699.12 9414.797 8663.256 6154.845 6154.845 5761.305 5338.103 5338.103 5338.103 5338.103 5338.103 11348.66 12563.07 12563.07 12563.07 12563.07 12563.07
2892.877 2892.877 2892.877 2892.877 2892.877 2892.877 2892.877 2892.877 2961.987 3511.017 3578.415 3578.415 3578.415 3556.016 3480.016 3714.555 3578.415 3578.415 3578.415 3578.415 3578.415 3651.264 4169.445 4208.02 4208.02 4208.02 4208.02 4208.02 4208.02 4245.087 4908.767 5326.321 5308.134 6249.053 6628.56 6628.56 4808.959 3516.877 3516.877 3516.877 3486.998 3232.591 3196.489 3196.489 3196.489 3887.252 6581.343 6903.502 6903.502 6903.502 6903.502 6903.502 6903.502 6679.271 6490.975 6363.749 6586.919 6586.919 6586.919 6654.829 6436.162 6359.532 6191.537 5879.056 5663.67 5340.114 5340.114 5354.463 5354.673 5340.114 7267.84 9980.489 12419.87 12567.8 12567.8 12567.8
2893.967 2893.967 2893.967 2893.967 2893.967 2893.967 2893.967 2893.967 2935.669 3413.356 3551.933 3435.415 3412.692 3270.504 3174.144 3579.724 3579.763 3579.763 3579.763 3579.763 3579.763 3579.763 4021.695 4209.605 4209.605 4266.747 4209.605 4286.269 4858.689 5037.65 6357.315 6631.057 6631.057 6631.057 6631.057 6631.057 5329.44 3558.792 3518.202 3518.202 3415.652 3197.693 3197.693 3197.693 3197.693 4469.608 6904.165 6906.103 6906.103 6906.103 6906.103 6906.103 6906.103 6835.746 6612.543 6589.401 6589.401 6589.401 6589.401 6702.235 6722.36 6722.36 6523.066 6156.224 5763.662 5365.461 5387.559 5403.795 5471.803 5390.3 5470.408 5484.923 7668.24 12078.53 12235.01 12572.54
2895.055 2895.055 2895.055 2895.055 2895.055 2895.055 2895.055 2938.161 3149.952 3342.189 3203.347 3168.789 3168.789 3168.789 3171.223 3328.949 3533.187 3581.109 3581.109 3581.109 3581.109 3585.205 4011.968 4211.188 4927.217 5343.664 4573.279 5294.114 5352.756 5352.756 5537.841 6595.949 6633.551 6633.551 6633.551 6633.551 6633.551 4655.777 3519.525 3510.755 3266.817 3198.896 3198.896 3234.529 3637.131 3498.127 5947.604 5409.027 5094.179 5354.676 6016.609 4703.853 4051.953 4609.367 6455.691 6591.879 6591.879 6591.879 6606.657 6718.494 6724.888 6724.888 6724.888 6204.276 5419.167 5441.451 5474.785 5484.876 5486.986 5486.986 5486.986 5486.986 5851.406 9032.313 10930.3 12577.26
2896.142 2896.142 2896.142 2896.418 2907.809 2896.142 2896.142 2901.744 3131.676 3169.979 3169.979 3169.979 3169.979 3169.979 3180.922 3353.315 3534.443 3582.454 3582.454 3582.454 3582.454 4312.28 5352.121 5093.967 5337.21 5354.766 5333.736 5354.766 5354.766 5354.766 5354.766 5933.479 6636.041 6597.511 6488.091 6622.767 6083.435 4513.775 3482.945 3315.693 3200.096 3200.096 3200.096 3320.929 3882.937 3882.937 3882.937 3882.937 3882.937 3882.937 3882.937 3882.937 3882.937 4554.666 6138.109 6594.354 6594.354 6594.354 6696.747 6727.413 6727.413 6727.413 6165.158 5319.558 5316.268 5376.054 5450.321 5489.046 5489.046 5489.046 5489.046 6276.837 9068.594 9568.402 10231.3 12277.18
2897.226 2897.226 2914.122 2932.657 2923.135 2897.226 2930.01 3056.221 3170.949 3171.165 3171.165 3171.165 3171.165 3171.165 3396.308 3583.794 3583.794 3583.794 3583.794 3588.394 3727.047 3939.053 4862.487 5329.291 5356.769 5356.769 5356.769 5356.769 5356.769 5356.769 5356.769 5525.184 6262.431 6355.132 6211.297 4614.973 3113.041 3112.927 3171.216 3179.694 3201.104 3201.294 3201.294 3311.49 3884.39 3884.39 3884.39 3884.39 3884.39 3884.39 3884.39 3884.39 3884.39 3984.553 4108.647 6000.373 6225.84 5813.158 6729.475 6729.93 6729.901 5921.345 5388.435 5318.257 5318.257 5319.161 5430.101 5491.1 5491.1 6172.429 8784.05 9571.968 9571.983 9571.983 9571.983 9422.191
2904.916 2934.222 2939.512 2940.909 2930.637 2900.606 3046.257 3172.351 3172.351 3172.351 3172.351 3172.351 3172.351 3172.351 3204.518 3566.796 3585.135 3585.135 3585.135 3621.17 4276.491 4276.491 4276.491 4510.437 5263.836 5358.773 5358.773 5358.773 5358.773 5358.773 5358.773 5358.773 5500.804 6213.621 6205.682 3744.015 3114.091 3114.091 3114.091 3115.706 3186.478 3202.464 3179.67 3205.812 3680.643 3885.843 3885.843 3885.843 3885.843 3885.843 3885.843 3885.843 3885.843 3933.628 3903.771 3885.843 4812.337 5808.402 6732.448 6093.505 6351.841 6221.499 5359.801 5320.247 5320.247 5320.247 5334.834 6708.203 7481.759 9479.755 9575.563 9575.563 9575.563 9575.563 9566.437 9467.312
2941.856 2942.007 2942.007 2942.007 2942.007 2934.195 2967.224 3170.926 3173.536 3173.536 3173.536 3173.536 3173.536 3173.536 3173.536 3274.787 3369.649 3501.977 3552.607 3571.891 4140.566 4278.087 4278.087 5005.352 5351.835 5360.681 5131.038 5057.759 5266.054 5360.774 5360.774 5417.177 5912.804 6215.941 5391.997 3115.254 3115.254 3115.254 3115.254 3115.254 3186.29 3184.375 3126.661 3647.824 3795.077 4538.39 4570.622 3887.294 3887.294 3938.538 3887.294 3887.294 4192.82 4516.646 4086.593 3979.566 4472.914 5165.844 5476.139 4575.765 4511.49 4900.668 4921.743 5256.262 5322.233 5322.233 5322.233 6107.115 9545.997 9084.914 9217.383 9579.14 9579.14 9579.14 9406.717 8959.851
2943.104 2943.104 2943.104 2943.104 2943.104 2943.104 2944.831 3080.113 3174.493 3174.719 3174.719 3174.719 3174.719 3174.719 3174.719 3174.719 3174.719 3174.719 3185.272 3234.93 3608.711 4279.682 4279.682 4486.108 4885.37 4668.615 4930.388 5544.067 6002.038 5837.845 5831.077 6118.185 6218.258 6218.258 3897.224 3116.415 3116.415 3116.415 3116.415 3116.415 3120.82 3119.059 3224.348 3803.091 3888.743 5742.575 6397.916 5679.204 9025.002 10303.04 6868.356 3888.743 4234.468 4530.324 4100.483 3907.985 4443.178 4530.324 4510.553 4503.61 4503.61 4503.61 4503.61 4543.392 5126.509 5277.486 5324.217 5439.433 8650.191 6032.765 8242.768 9582.71 9438.298 9158.518 8995.399 8963.19
2944.197 2944.197 2944.197 2944.197 2944.197 2944.197 2944.197 2995.204 3167.356 3175.898 3175.898 3175.898 3175.898 3175.898 3175.898 3175.898 3175.898 3593.401 4177.832 4280.43 4281.272 4281.272 4281.272 4281.272 5102.395 6045.183 6220.569 6220.569 6220.569 6220.569 6220.569 6220.569 6220.569 5164.871 3139.299 3117.573 3117.573 3117.573 3117.573 3117.573 3117.573 3117.573 3176.764 4197.586 4565.289 6673.042 10231.93 9719.355 10578.22 10578.22 10523.62 5711.488 4394.352 4532.007 4485.704 4472.098 4528.515 4532.007 4509.23 4505.283 4505.283 4505.283 4505.283 4505.283 4507.743 4665.605 5004.897 5340.69 6071.516 5539.859 5704.623 7097.964 7141.569 6611.214 8962.255 8966.521
2945.291 2945.291 2945.291 2945.291 2945.291 3109.964 3294.021 3469.009 3222.279 2538.638 2560.238 2334.791 2593.385 1613.182 3167.005 3177.078 3187.302 3642.985 4206.117 4282.863 4282.863 4282.863 4282.863 4282.863 13212.64 9314.121 27868.19 36342.46 29361.66 9706.186 6222.879 6222.879 6222.879 4701.184 3118.731 3118.731 3118.731 3118.731 3118.731 3118.731 3118.731 3118.731 3462.488 5167.127 5433.423 8021.731 10582.15 10582.15 10582.15 10582.15 10582.15 7954.368 4533.69 4533.69 4533.69 4533.69 4533.69 4533.69 4515.895 4506.957 4506.957 4506.957 4506.957 4506.957 4506.957 4569.584 4631.697 4680.396 5289.558 5520.825 5520.825 5520.825 5520.825 5675.107 6414.542 7144.636
2946.383 2946.383 2946.383 2946.383 2951.168 3368.613 3517.363 3517.363 3343.036 2263.608 943.6825 7.637958 0 705.3014 2157.323 3178.256 3320.445 4284.451 4284.451 4284.451 4284.451 4284.451 4284.451 4284.451 46987.62 67762.02 67762.02 67762.02 67762.02 52015.29 60093.36 49068.91 12209.34 4720.756 3119.887 3119.887 3119.887 3119.887 3119.887 3119.887 3143.392 3362.708 4803.142 5435.438 5435.438 5435.552 6460.359 10532.83 10586.07 10586.07 10586.07 6803.311 4535.371 4535.371 4535.371 4535.371 4535.371 4550.728 4543.546 4508.628 4508.628 4508.628 4508.628 4508.628 4508.628 4568.921 4609.675 4609.675 4713.802 5472.25 5522.872 5522.872 5522.872 5522.872 5522.872 5775.265
2947.472 2947.472 2947.472 3085.415 3406.393 3518.663 3518.663 3401 2771.073 2753.022 2811.26 2397.396 778.5977 0 35.57589 2355.425 1511.165 3507.544 4286.034 4286.034 4286.034 4286.034 4286.034 4286.034 45511.95 67787.07 67787.07 67787.07 67787.07 67787.07 67787.07 67787.07 67024.45 52797.26 19594.31 3125.602 3121.041 3121.041 3121.041 3473.062 4549.631 4803.23 5401.351 5437.446 5437.446 5437.446 5437.446 9246.867 10519.94 10515.63 10515.35 7444.595 4594.474 4624.246 4635.276 4551.639 4537.047 4633.223 4792.702 4543.483 4510.294 4523.576 4532.14 4569.745 4561.173 4591.068 4611.378 4611.378 4611.378 5319.191 5524.913 5524.913 5524.913 5715.751 6648.529 7594.473
2948.561 3040.6 3336.538 3519.018 3519.962 3519.962 3519.962 3384.457 2746.417 2746.417 2746.417 3079.197 3705.728 1319.504 2179.695 2712.531 3253.584 4266.876 4287.618 4287.618 4287.618 3442.105 2561.921 2966.642 43454.07 60970.03 66781.29 67445.81 45188.79 58887.35 44511 54465.15 58337.46 66496.65 19947.08 4475.396 4192.144 3630.608 3273.878 3591.95 4658.31 4861.712 5397.563 5439.455 5439.455 5439.455 5439.455 5829.745 9632.778 10500.46 10500.46 8254.344 4845.458 4845.458 4845.458 4759.803 4675.813 4786.592 4845.458 4642.487 4511.96 4547.7 4613.082 4613.082 4613.082 4613.082 4613.082 4613.082 4613.082 4639.667 5276.699 6365.625 7238.011 7665.048 7672.191 7672.191
2959.145 3501.364 3521.26 3521.26 3521.26 3521.26 3385.877 3014.712 2747.43 2700.832 2579.583 3355.126 4289.199 3872.425 4010.903 4289.199 4289.199 4289.199 4289.199 4289.199 4198.449 3000.68 2483.816 2483.816 7870.144 2517.579 6393.76 9578.329 2483.816 2483.816 2483.816 2483.816 2483.816 4079.369 4702.132 4660.027 4660.027 4660.027 4605.113 4396.887 4660.027 4660.027 5314.167 5441.461 5441.461 5441.461 5441.461 5441.461 9137.375 10504.33 10504.33 7794.339 4847.245 4847.245 4847.245 4847.245 4847.245 4847.245 4847.245 4826.724 5632.609 6807.443 7129.933 5014.8 4614.796 4614.783 4614.783 4614.783 4614.783 4614.783 6485.088 7662.703 7145.234 7675.02 7500.007 6082.187
3278.56 3522.555 3522.555 3522.555 3522.555 3522.555 3378.195 2790.91 2748.44 2656.362 2134.048 2114.761 2880.051 2352.4 2285.803 4006.67 4290.775 4290.775 4290.775 3813.775 2340.664 2473.953 2484.729 2480.805 2484.729 2484.729 2484.729 2484.729 2484.729 2484.729 2484.729 2484.729 2484.729 2484.729 4200.721 4661.74 4661.74 4661.74 4661.74 4661.74 4661.74 4681.306 5300.596 5443.461 5443.461 5443.461 5443.461 6837.666 10507.83 10508.19 10508.19 6368.094 3372.199 4822.823 4849.026 4849.026 4849.026 4849.026 4849.026 4882.803 6848.372 8025.52 8025.52 8025.52 7159.451 4405.788 4282.562 4518.591 4403.613 4616.479 5877.454 7480.129 3646.967 4245.768 3100.109 2760.224
2297.87 3443.562 3523.849 3523.849 3435.067 3254.719 2771.657 2749.45 2749.45 2749.45 2676.942 2250.261 2246.451 2082.734 2082.734 3404.059 4158.082 3929.61 3047.743 2162.829 2082.734 2155.418 2232.208 2172.513 2408.289 2451.645 2485.642 2485.642 2485.642 2485.642 2485.642 2485.642 2485.642 2485.642 4163.479 4663.454 4663.454 4663.454 4663.454 4663.454 5053.16 5440.254 5445.4 5445.462 5445.462 5445.462 5445.462 6753.934 8461.305 5584.314 5097.759 2908.347 2908.347 3580.184 4383.139 4850.755 4850.809 4850.809 4850.809 6699.125 8028.469 8028.469 8028.469 8028.469 7530.792 3799.695 3782.763 3782.763 4174.715 4618.176 5446.823 6691.818 2842.889 2761.238 2761.238 3203.601
1759.301 3100.233 3525.142 3525.142 2947.788 2750.458 2750.458 2750.458 2750.458 2750.458 2740.572 2404.587 2147.411 2083.498 2083.498 2083.498 2083.498 2083.498 2083.498 2083.498 2083.498 2083.498 2083.498 2086.802 2088.285 2088.341 2208.982 2260.869 2280.819 2200.893 2439.986 2486.553 2486.553 3053.846 3716 4554.481 4665.164 4665.164 4665.164 4721.172 4891.253 5437.538 5446.537 5378.936 5402.268 5438.09 5447.459 4977.142 2967.228 2909.414 2909.414 2909.414 2909.414 2909.414 2909.414 3318.909 4037.972 4852.588 6158.649 7622.876 8031.414 8031.414 8031.414 8031.414 7591.999 3784.15 3784.15 3785.48 3591.864 3252.174 3195.235 3403.883 2762.251 2782.786 3255.992 3809.835
1759.944 2143.724 3526.431 3526.431 3863.267 6397.38 2993.31 2751.464 2751.464 2751.464 2751.464 2481.973 2144.489 2084.26 2084.26 2084.26 2084.26 2084.26 2084.26 2084.26 2084.26 2084.26 2084.26 2087.941 2089.049 2089.049 2089.049 2089.049 2089.049 2089.049 2182.08 2691.055 3066.233 3367.156 3371.436 3454.343 3960.853 4383.506 4130.776 4563.399 5129.195 5352.812 5291.783 5275.53 5275.791 5277.312 5306.782 4244.531 2683.867 2742.251 2896.138 2910.477 2910.477 2910.477 2910.477 2910.477 2918.12 3838.497 7358.597 8034.351 8034.351 8034.351 8034.351 8034.351 7680.464 3785.534 3785.534 3765.751 2995.335 2763.261 2763.261 2763.261 3321.398 3752.914 3813.683 3813.683
1760.587 2032.404 3479.886 3527.72 4832.548 11555 3479.449 2752.469 2752.469 2752.469 2752.469 2752.469 2733.523 2477.078 2087.154 2085.022 2085.022 2085.022 2085.022 2085.022 2085.022 2085.022 2086.201 2089.288 2089.812 2089.812 2089.812 2089.812 2089.812 2089.812 2257.895 3266.698 3372.668 3372.668 3372.668 3372.668 3372.668 3372.668 3372.668 3433.33 4730.771 5277.458 5277.458 5277.458 5277.458 5277.458 4428.98 2697.068 2681.934 2681.934 2764.27 2909.044 2911.541 2911.541 2911.541 2911.541 3634.478 5555.827 6954.312 7650.019 8037.287 8037.287 8037.287 8037.287 6068.35 3786.917 3786.917 3783.677 3331.512 2845.329 2764.271 2764.271 3512.529 3815.077 3815.077 3815.077
1761.23 3272.199 10506.62 4504.771 10542.11 11559.22 9523.513 9911.995 6822.13 2753.474 2753.474 2753.474 2753.474 2620.451 2116.53 2085.782 2085.782 2085.782 2085.782 2085.782 2085.782 2086.122 2090.412 2090.575 2090.575 2090.575 2090.575 2090.575 2090.575 2090.575 2091.072 3094.848 3373.898 3373.898 3373.898 3373.898 3373.898 3373.898 3373.898 3373.898 4456.945 5279.383 5279.383 5279.383 5279.383 5228.155 3419.246 2682.913 2682.913 2682.913 2682.913 2738.787 2835.13 2882.287 2912.603 5291.049 6523.493 6933.919 6933.919 6953.032 5485.903 7502.748 7146.375 5423.938 3805.258 3788.299 3788.299 3640.177 3199.724 2791.163 2765.28 2765.28 3411.975 3813.644 3816.469 3816.469
3126.333 10296.94 11563.42 11168.15 11563.42 11563.42 11563.42 11563.42 7147.019 2754.475 2754.475 2754.475 2754.475 2754.475 2327.815 2165.992 2086.541 2086.541 2085.729 2086.052 2089.521 2090.885 2091.335 2091.335 2091.335 2091.335 2091.335 2091.335 2091.335 2091.335 2403.932 3302.91 3375.125 3375.125 3375.125 3375.125 3375.125 3375.125 3375.125 3438.372 4809.946 5281.303 5281.303 5281.303 5281.303 5189.848 2968.708 2683.888 2683.888 2683.888 2683.888 2683.888 3759.417 5176.011 5916.985 6931.041 6936.441 6935.951 6436.88 5502.339 3799.881 5436.365 4682.122 3789.677 3789.677 3584.292 3285.302 2903.569 2766.285 2766.285 2766.285 2766.285 2766.285 2911.015 3730.723 3817.857
10520.91 11567.62 11567.62 11567.62 11567.62 11567.62 11567.62 11281.5 2756.014 2755.477 2755.477 2755.477 2755.477 2755.477 2755.477 2519.954 2087.3 2085.303 2083.249 2082.929 2089.599 2092.096 2092.096 2092.096 2092.096 2092.096 2092.096 2092.096 2092.096 2092.096 2393.992 3060.811 3217.443 3321.549 3376.353 3376.353 3376.353 3355.406 3241.771 3315.524 3147.709 4921.542 5283.224 5283.224 5283.224 5283.224 4834.106 3278.332 2684.864 2684.864 2684.864 3542.655 6665.058 6938.963 6938.963 6938.963 6938.963 5828.628 3791.055 3791.055 3791.055 3791.055 3791.055 3791.055 2892.182 2011.755 2767.291 2767.291 2767.291 2767.291 2767.291 2767.291 2767.291 3225.109 3819.245 3707.859
10452.49 11571.82 11571.82 11571.82 11571.82 10857.5 8753.093 7768.741 2756.487 2756.475 2756.475 2756.475 2756.475 2756.475 2756.475 2735.406 2213.152 2083.715 2083.683 2083.683 2084.118 2087.076 2085.808 2086.671 2090.253 2088.266 2091.367 2092.838 2091.758 2092.854 2460.335 2959.39 2959.39 2959.9 3042.656 3034.129 3049.404 2959.992 2959.39 2906.734 2501.681 2657.828 4686.873 5139.984 5226.97 5285.138 5285.138 3534.538 2685.837 2685.837 2685.837 4739.561 6941.477 6941.477 6941.477 4760.745 4346.53 4334.513 3792.428 3792.428 3792.428 3792.428 3792.428 3502.292 1796.822 1642.48 2656.221 2768.293 2768.293 2768.293 2768.293 2768.293 2800.284 3810.767 3633.342 3341.416
7643.627 11576.01 11576.01 11576.01 11576.01 7672.304 2918.854 2918.854 2872.282 2791.739 2757.474 2757.474 2757.474 2757.474 2757.474 2757.474 2482.423 2084.438 2084.438 2084.438 2084.438 2084.438 2084.438 2084.438 2084.438 2084.438 2080.013 1981.227 1974.588 1995.888 2879.728 2960.462 2960.462 2960.462 2960.462 2960.462 2960.462 2960.462 2960.462 2714.653 2447.036 2447.036 2608.632 2468.256 3882.072 5287.052 4071.129 2694.84 2686.81 2686.81 2713.932 5004.161 6943.992 6853.143 6529.078 2697.83 1766.166 3687.668 3793.802 3793.802 3793.802 3792.379 3020.293 1567.964 1477.484 1477.484 1863.545 1891.628 2350.46 2769.296 2842.936 2967.312 2941.527 3524.802 3336.959 3336.959
3723.554 10912.88 11580.19 11580.19 11580.19 10080.24 3273.002 2919.908 2919.908 2918.078 2889.278 2770.144 2758.469 2758.469 2758.469 2752.951 2095.246 2085.19 2085.19 2085.19 2085.19 2085.19 2085.19 2085.19 2085.19 2085.19 2071.859 1972.092 1967.86 1967.86 2615.061 2961.531 2961.531 2961.531 2961.531 2961.531 2961.531 2961.531 2961.531 2913.813 2447.92 2447.92 2447.92 2447.92 2713.75 4318.894 3951.232 2687.78 2687.78 2687.78 4119.754 6946.499 6468.541 2602.696 1766.804 1766.804 2270.011 3733.162 3795.172 3297.607 2543.638 2713.207 1478.018 1478.018 1478.018 1478.018 1478.018 1478.018 2170.484 3128.626 3374.803 3654.698 3338.164 3338.164 3338.164 3338.164
2064.6 4118.48 9613.628 11584.37 10959.48 4886.183 2920.962 2920.962 2920.962 2920.962 2844.612 2759.465 2759.465 2759.465 2759.465 2759.465 2097.706 2085.943 2085.943 2085.943 2085.943 2085.943 2085.943 2085.943 2085.943 2078.673 1983.809 1968.57 1968.57 1968.57 2129.909 2849.302 2962.6 2962.6 2962.6 2962.6 2962.6 2962.6 2962.6 2846.317 2448.803 2448.803 2448.803 2448.803 2448.803 2391.473 2211.445 2559.612 2688.75 2688.75 5385.705 5729.322 3703.981 1767.442 1767.442 1941.762 3512.169 3796.542 3751.787 2408.23 1767.442 1766.208 1587.309 1478.551 1478.551 1478.551 1478.551 1480.12 3226.738 4717.416 4717.416 4167.335 3490.52 3498.795 3475.555 3421.263
2065.343 2065.343 2219.956 9255.388 3595.796 2922.013 2922.013 2922.013 2922.013 2922.013 2910.789 2872.447 2760.458 2693.518 2760.458 2707.731 2104.156 2086.693 2086.693 2086.693 2086.693 2086.693 2086.693 2086.693 2086.693 2073.617 1985.745 1969.278 1969.278 1969.278 1969.278 1990.166 2481.905 2779.684 2963.666 2963.666 2963.666 2963.666 2963.666 2615.691 2449.685 2449.685 2449.685 2449.685 2449.685 2267.64 2120.022 2138.337 2524.377 2575.257 1949.655 1768.077 1768.077 1768.077 1768.077 1846.341 2614.987 3711.081 3717.108 2031.312 1768.077 1768.077 1657.968 1479.083 1479.083 1479.083 1479.083 1955.215 4719.113 4719.113 4719.113 4598.763 3875.341 3831.532 3831.532 3831.532
2066.084 2066.084 2066.329 2793.915 2923.062 2923.062 2923.062 2923.062 2923.062 2923.062 2893.315 2571.396 2594.814 2300.128 2461.414 2200.475 2087.443 2087.443 2087.443 2087.443 2087.443 2087.443 2087.443 2087.443 2087.443 2081.778 2015.533 1969.986 1969.986 1969.986 1969.986 1969.986 1969.986 2077.544 2645.732 2543.292 2961.207 2955.027 2920.129 2538.362 2450.564 2450.564 2450.564 2450.564 2412.85 2138.445 2120.783 2120.783 2141.452 2063.745 1892.579 1770.74 1768.712 1768.712 1768.712 1768.712 1768.712 1867.531 2892.926 2651.926 1768.712 1768.712 1739.611 1518.507 1479.614 1479.614 2295.029 4334.177 4720.807 4720.807 4640.435 3966.933 3832.908 3832.908 3832.908 3832.908
