indp95ag.asc
ncols         816
nrows         816
xllcorner     65
yllcorner     5
cellsize      0.0416666666667
NODATA_value  -9999
[rows 306 to 339 of 816, columns 228 to 303 of 816]
2433.446 2378.279 3046.27 3340.817 3340.817 3340.817 3340.817 3266.887 3340.817 3340.817 3126.937 2627.338 2627.338 2627.338 2627.338 2498.529 2384.632 2294.099 2361.241 2385.758 2385.758 2385.758 2385.758 2385.758 2281.135 2252.624 2268.602 2251.527 2251.527 2251.527 2251.527 2251.527 2251.527 2251.527 2337.681 3048.677 3155.995 2623.203 2697.597 2741.854 2800.759 2800.759 2800.759 2770.483 2490.22 2423.864 2423.864 2423.864 2423.864 2423.864 2333.325 2021.964 2021.487 2021.487 2021.487 2021.487 2021.487 2021.487 2021.487 2021.487 2021.487 2021.487 2021.487 1749.768 1792.323 3795.53 5241.856 5275.024 5275.024 5275.024 4944.936 4282.859 4282.859 4282.859 4281.1 4282.859
2973.604 2761.07 3559.017 3465.313 3342.012 3182.731 2379.801 1824.173 2668.932 2689.338 2656.685 2628.278 2628.278 2628.278 2628.278 2624.125 2265.963 2091.694 2098.054 2164.318 2119.739 2157.84 2152.986 2242.005 2106.633 2091.694 2142.4 2250.9 3512.426 4364.547 5049.986 4980.819 4342.135 4287.106 5645.749 4684.671 2675.929 2497.738 2497.738 2497.481 2553.337 2608.083 2547.977 2449.97 2424.732 2424.732 2424.732 2424.732 2424.732 2317.01 1758.385 1852.838 1916.666 2022.21 2022.21 2022.21 2022.21 2022.21 2022.21 2022.21 2022.21 2022.207 1970.627 1677.448 4042.441 5276.912 5276.912 5276.912 5276.912 5156.003 4353.178 4284.392 4284.392 4284.392 3962.116 3975.151
3614.88 3614.88 3614.88 3336.715 1903.439 1832.732 1791.42 1791.42 1929.148 2470.739 2624.992 2629.218 2629.218 2629.218 2629.218 2629.218 2146.753 2092.442 2185.871 2441.202 2149.339 2092.442 2092.442 2092.442 2092.442 2092.442 2092.442 2843.259 6175.411 6251.095 6251.095 6251.095 6251.095 6251.095 6251.095 5212.146 2498.632 2498.632 2498.632 2497.793 2454.17 2447.98 2442.939 2435.646 2455.411 2779.893 3146.092 3172.984 3557.489 2188.887 1696.378 1696.378 1704.463 1780.058 1891.898 2022.934 2022.934 2022.934 2022.934 2022.934 1731.276 1174.485 1129.161 1981.512 4966.083 5278.799 5278.799 5169.622 5073.188 4830.521 4285.924 4285.924 4285.924 4285.924 3958.476 3736.762
3616.169 3616.169 3611.753 3252.869 1792.059 1792.059 1792.059 1792.059 1792.059 1792.059 1886.858 2501.7 2630.155 2630.155 2630.155 2630.155 2566.286 2192.198 2516.522 2849.864 2145.094 2093.188 2093.188 2093.188 2093.188 2093.188 2093.188 2093.188 4644.937 6253.323 6253.323 6253.323 6253.323 6253.323 5541.459 3143.348 2423.46 2371.393 2472.868 2499.522 2499.522 2499.522 2499.522 2499.522 5027.691 5599.521 5606.05 5605.606 4095.583 1707.48 1696.982 1696.982 1696.982 1696.982 1702.012 1798.894 2023.655 2023.655 2004.98 1621.746 1268.07 1129.563 1129.563 1129.563 1677.49 4942.949 3635.773 1531.472 1132.421 2222.599 4071.928 4287.453 4285.561 4115.562 3808.688 3738.095
3617.456 3617.456 3209.657 1881.012 1792.696 1792.696 1792.696 1792.696 1792.696 1792.696 1792.696 1983.583 2631.091 2631.091 2631.091 2631.091 2918.045 2953.597 2961.667 2684.618 2216.118 2093.933 2093.933 2093.933 2093.933 2093.933 2093.933 2093.933 4582.304 6255.549 6255.549 6255.549 6255.549 5965.527 3574.583 2278.173 2278.173 2278.173 2405.901 2500.412 2500.412 2500.412 2500.412 2525.305 5465.627 5608.045 5608.045 5605.474 1756.511 1697.586 1697.586 1697.586 1697.586 1697.586 1697.586 1734.619 1931.002 2024.375 1284.152 1129.965 1129.965 1129.965 1129.965 1129.965 1129.965 1451.383 1129.965 1129.965 1129.965 1129.965 1421.008 2501.953 3737.552 3739.425 3419.419 2593.011
3618.743 3618.743 2583.971 2586.093 1793.334 1793.334 1793.334 1793.334 1793.334 1793.334 1793.334 1895.889 2629.146 2632.027 2632.027 2643.643 2925.132 2966.159 2966.159 2950.177 2475.144 2125.079 2094.678 2094.678 2094.678 2094.678 2094.678 2095.832 4779.536 6257.774 6257.774 5978.496 6113.002 3647.581 2278.983 2278.983 2278.983 2278.983 2413.331 2497.208 2435.266 2381.864 2844.016 4483.297 5610.04 5610.04 5610.04 5437.577 1782.307 1698.19 1698.19 1698.19 1698.19 1698.19 1698.19 1698.19 1643.443 1427.016 1131.594 1130.367 1130.367 1130.367 1130.367 1130.367 1130.367 1130.367 1130.367 1130.367 1130.367 1130.367 1130.367 1130.367 1402.333 2265.92 1348.011 3440.346
3620.026 3620.026 3620.026 3541.753 2785.045 1976.564 1793.97 1793.97 1793.97 1793.97 1793.97 1793.97 2307.454 2632.96 2669.448 2894.201 2967.211 2967.211 2967.211 2615.009 2409.311 2381.337 2141.399 2095.421 2126.611 2263.84 2275.341 3287.414 5365.396 5376.886 5980.191 3173.942 2643.102 2588.402 2279.791 2279.791 2279.791 2279.791 2350.064 2358.246 2279.791 2477.995 5494.132 5612.029 5612.029 5612.029 5612.029 3782.985 1715.064 1698.792 1698.792 1698.792 1698.792 1698.792 1698.792 1629.483 1208.435 1130.768 1130.768 1130.768 1130.768 1130.768 1130.768 1130.768 1130.768 1130.768 1130.768 1130.768 1130.768 1130.768 1130.768 1130.768 1130.768 1130.768 1130.768 2345.159
3611.632 3621.307 3621.307 3621.307 3603.992 2463.601 1794.605 1794.605 1794.605 1794.605 1794.605 1869.757 2632.568 2669.603 2904.122 2968.261 2968.261 2968.261 2642.423 2467.99 2410.164 2410.164 2263.641 2096.162 2264.005 2410.164 2410.164 2410.164 2410.164 2410.862 2672.58 2314.336 2284.465 2280.598 2280.598 2280.598 2280.598 2280.598 2280.598 2280.598 2280.598 2479.229 5614.016 5614.016 5614.016 5614.016 5601.574 4868.778 1912.282 1699.394 1699.394 1699.394 1699.394 1699.394 1845.696 2196.981 1723.185 1131.168 1131.168 1131.168 1131.168 1131.168 1131.168 1131.168 1131.168 1131.168 1131.168 1131.168 1131.168 1131.168 1131.168 1131.168 1131.168 1322.795 1590.928 1802.096
3096.619 3116.723 3118.459 3084.673 3019.78 2803.853 1966.677 1830.914 1869.782 1911.167 1813.28 2048.792 2636.736 2792.277 2969.312 2969.312 2969.312 2969.312 2432.294 2411.017 2411.017 2411.017 2410.924 2320.828 2253.042 2411.017 2411.017 2411.017 2411.017 2411.017 2411.017 2411.017 2302.754 2281.405 2281.405 2288.933 2295.722 2281.405 2281.405 2281.405 2281.405 3804.092 5616.002 5616.002 5616.002 5616.002 5155.388 1852.45 1699.995 1699.995 1699.995 1964.745 2112.912 2025.793 2679.997 3001.776 2700.619 1134.271 1131.568 1131.568 1131.568 1131.568 1131.568 1131.568 1131.568 1131.568 1131.568 1131.568 1131.568 1134.253 1191.713 1131.568 1131.568 1463.276 1472.506 1628.614
3019.235 3019.235 3019.235 3019.235 3019.235 2899.315 2715.339 2694.336 2716.084 2716.084 2507.071 2607.263 2713.879 2949.753 2970.359 2970.359 2970.359 2970.359 2802.435 2529.026 2411.867 2411.867 2411.867 2411.867 2411.867 2411.867 2411.867 2411.867 2411.867 2411.867 2411.867 2448.257 2487.334 2383.373 2360.356 2598.06 2549.681 2435.384 2282.21 2282.21 2282.21 4400.783 5617.982 5617.982 5617.982 5617.982 5617.982 3713.451 1817.111 1753.763 1947.74 2721.497 3002.835 3002.835 3002.835 3002.835 3002.835 1720.609 1131.967 1131.967 1131.967 1131.967 1131.967 1131.967 1131.967 1131.967 1131.967 1131.967 1131.967 1479.775 1715.607 1295.779 1132.405 1250.433 1414.207 1791.253
3020.298 3020.298 3020.298 3020.298 3020.298 3008.719 2791.158 2717.04 2717.04 2717.04 2717.04 2717.04 2793.451 2965.191 2971.404 2971.404 2971.404 2971.404 2971.404 2971.404 2699.046 2412.716 2412.716 2412.716 2412.716 2412.716 2412.716 2412.716 2412.716 2412.716 2497.584 2511.898 2639.924 2524.066 2521.332 2639.924 2639.924 2602.153 2437.875 2283.013 2219.195 2305.01 2807.053 3282.078 5619.96 5619.96 5607.154 3642.283 2132.635 2317.323 2944.378 3003.892 3003.892 3003.892 3003.892 3003.892 1812.032 923.1695 1132.366 1132.366 1132.366 1132.366 1132.366 1132.366 1132.366 1132.366 1132.366 1132.366 1132.366 1419.572 1782.047 1784.102 1709 1444 1980.507 2332.195
3021.359 3021.359 3021.359 3021.359 3021.359 2978.474 2791.23 2717.995 2717.995 2717.995 2717.995 2717.995 2739.428 2843.479 2972.448 2972.448 2972.448 2972.448 2972.448 2974.09 2714.665 2442.017 2413.564 2413.564 2413.564 2413.564 2413.564 2417.844 2462.317 2454.538 2595.822 2638.2 2640.852 2640.852 2640.852 2640.852 2640.852 2948.359 3673.328 2645.464 2150.999 2133.941 2137.197 2311.21 4593.44 4730.922 3601.39 2128.382 2231.576 3004.947 3004.947 3004.947 3004.947 3004.947 3004.947 3004.947 1479.126 825.8202 858.4053 1053.311 1130.798 1132.764 1132.764 1132.764 1132.764 1132.764 1132.764 1249.306 1499.439 1384.226 1559.821 1784.729 1784.729 1787.974 2238.311 2352.857
3022.419 3022.419 3022.419 3019.308 2918.851 2890.364 2837.031 2723.918 2718.948 2718.948 2718.948 2718.948 2718.948 2762.114 2973.491 2975.842 2974.146 2973.491 2980.091 3011.214 3013.419 3013.419 2865.849 2356.178 2361.203 2414.41 2414.41 2536.923 2641.778 2641.778 2641.778 2641.778 2641.778 2641.778 2641.778 2641.778 2641.778 2691.221 3613.298 3033.242 2129.129 2129.129 2129.129 2129.129 2143.195 2134.129 2129.129 2129.129 2234.789 3006.001 3006.001 3006.001 3006.001 3006.001 3006.001 2327.276 912.8809 824.5776 824.5776 824.578 856.7176 1035.376 1020.771 1133.161 1133.161 1133.161 1136.265 1461.253 1785.355 1785.355 1785.355 1785.355 1785.355 2035.865 2347.046 2353.683
2878.559 3001.229 2967.511 2926.276 2888.391 2888.391 2851.58 2724.826 2719.902 2719.902 2719.902 2719.902 2719.902 2723.61 2894.332 3007.543 3008.331 2984.925 2994.486 3014.476 3014.476 3014.476 2618.836 2281.945 2292.047 2329.695 2393.839 2476.854 2544.089 2502.151 2512.415 2642.704 2642.704 2642.704 2642.704 2642.704 2642.704 2642.704 3120.819 3690.756 3290.612 2905.973 2487.027 2180.64 2129.875 2129.875 2129.875 2201.535 2699.614 3007.055 3007.055 3007.055 3007.055 3007.055 2594.069 843.684 824.8668 824.8668 824.8668 824.8668 824.8668 824.8668 827.4572 999.1211 1132.46 1133.558 1152.616 1625.657 1785.981 1785.981 1785.981 1785.981 1785.981 1785.981 2250.541 2354.508
2813.648 2843.499 2889.4 2889.4 2889.4 2889.4 2838.016 2726.125 2720.852 2720.852 2720.852 2720.852 2720.852 2755.619 2976.626 3015.529 3015.529 3015.529 3015.529 3015.529 3015.529 3015.529 2582.424 2282.742 2282.742 2282.742 2282.742 2282.742 2282.742 2282.742 2285.306 2633.016 2643.627 2643.627 2643.627 2643.627 2643.627 2643.627 2729.64 3701.778 3701.778 3701.778 3701.778 2591.588 2130.619 2130.619 2130.619 2130.619 2448.059 3008.106 3008.106 3008.106 3008.106 3008.106 3008.106 2222.63 1009.123 825.155 825.155 825.155 825.155 825.155 825.155 825.155 869.4331 984.609 1466.997 1721.294 1786.605 1786.605 1786.605 1786.605 1786.605 1786.605 2263.018 2355.331
2826.096 2864.872 2890.408 2890.408 2890.408 2890.408 2890.408 2748.527 2721.801 2721.801 2721.801 2721.801 2708.571 2920.717 3016.581 3016.581 3016.581 3016.581 3016.581 3016.581 3016.581 2892.327 2284.84 2283.539 2283.539 2283.539 2283.539 2283.539 2283.539 2283.539 2283.539 2524.062 2644.55 2644.55 2644.55 2644.55 2644.55 2900.253 3420.348 3703.07 3703.07 3703.07 3703.07 2614.048 2131.363 2131.363 2131.363 2131.363 2283.239 3009.155 3009.155 3009.155 3009.155 3009.155 3009.155 3009.155 2687.133 880.2181 825.4429 825.4429 825.4429 825.4429 825.4429 825.4429 825.4429 825.4429 1137.811 1787.229 1787.229 1787.229 1787.229 1787.229 1787.229 1840.043 2304.5 2356.152
2844.036 2886.128 2839.278 2891.415 2891.415 2890.908 2821.879 2724.607 2722.749 2722.749 2722.509 2627.038 2554.285 2669.462 2909.608 3017.631 3017.631 3017.631 3017.631 3017.631 2981.518 2418.993 2284.334 2284.334 2284.334 2284.334 2284.334 2284.334 2284.334 2284.334 2284.334 2292.271 2562.225 2645.069 2737.031 2932.036 3099.562 3645.471 3704.359 3704.359 3704.359 3704.359 3328.075 2145.908 2132.105 2132.105 2132.105 2132.105 2306.652 3010.203 3010.203 3010.203 3010.203 3010.203 3010.203 3010.203 1512.657 825.7302 825.7302 825.7302 825.7302 825.7302 825.7302 825.7302 825.7302 825.7302 1246.96 1620.488 1787.851 1787.851 1787.851 1787.851 1811.507 2228.022 2356.972 2356.972
2801.19 2739.243 2817.564 2892.42 2892.42 2892.42 2821.26 2725.249 2666.626 2598.845 2578.974 2554.231 2554.231 2554.231 2750.137 3018.68 3018.68 3018.68 3018.68 3018.68 2751.679 2285.128 2285.128 2285.128 2285.128 2285.128 2285.128 2285.128 2285.128 2285.128 2285.128 2285.128 2317.717 2873.321 3514.628 3516.78 3516.78 3553.383 3696.796 3705.646 3582.348 3561.462 3174.942 2241.821 2132.846 2132.846 2132.846 2132.846 2251.222 2919.064 3011.249 3011.249 3011.249 3011.249 3011.249 3011.249 1640.137 826.0172 826.0172 826.0172 826.0172 826.0172 826.0172 826.0172 1031.514 1283.876 1429.314 1730.446 1788.472 1788.472 1788.472 1788.472 2062.56 2357.792 2357.792 2357.792
2723.667 2723.667 2803.537 2893.423 2893.423 3952.792 6545.616 5558.494 2580.652 2555.117 2555.117 2555.117 2555.117 2555.117 2757.914 3019.727 3019.727 3019.727 3019.727 3019.727 2438.095 2285.92 2285.92 2285.92 2285.92 2285.92 2678.691 2682.6 2296.358 2359.118 2712.244 2911.967 3154.694 3180.7 3312.646 3518 3518 3518 3529.928 3558.876 2975.46 2745.241 2730.006 2349.381 2133.586 2133.586 2133.586 2133.586 2133.586 2371.983 3011.895 3012.294 3012.294 3012.294 2915.625 2217.945 1659.822 826.3038 826.3038 826.3038 826.3038 826.3038 826.3038 920.3328 1427.293 1789.093 1789.093 1789.093 1789.093 1789.093 1789.093 2081.094 2358.61 2358.61 2358.61 2358.61
2724.61 2724.61 3682.508 6590.027 7084.766 7658.687 7661.951 3810.941 2556.001 2556.001 2556.001 2556.001 2556.001 2636.398 2835.562 2989.604 3020.612 3020.691 2883.24 2754.563 2292.435 2286.712 2286.712 2286.74 2423.144 2728.999 3139.586 3180.306 2988.467 3161.343 3180.306 3180.306 3180.306 3224.978 3336.135 3519.218 3519.218 3519.218 3519.218 3384.198 2824.448 2730.951 2730.951 2399.722 2134.324 2134.324 2134.324 2209.747 2468.89 2742.936 3024.807 3013.337 3013.337 3013.337 2893.36 1305.675 826.5899 826.5899 826.5899 826.5899 826.5899 826.5899 826.5899 1269.331 1789.712 1789.712 1789.712 1783.33 1789.712 1789.712 1789.712 1978.346 2359.426 2359.426 2359.426 2359.426
2725.552 4005.777 7625.716 7664.599 7664.599 7664.599 6572.984 2661.03 2556.885 2556.885 2556.885 2556.885 2556.885 2577.397 2588.563 2607.663 2627.846 3005.53 2727.954 2290.384 2287.502 2287.502 2287.502 2580.166 3181.405 3181.405 3181.405 3181.405 3181.405 3181.405 3181.405 3181.405 3190.734 3520.301 3520.434 3520.434 3520.434 3520.434 3520.434 3047.208 2731.895 2731.895 2731.895 2731.145 2677.136 2526.274 2437.668 2987.205 3175.074 3175.074 2873.102 3014.378 3014.378 2926.177 2287.556 1517.14 826.8756 826.8756 826.8756 826.8756 826.8756 835.5474 1218.354 1658.713 1790.331 1740.763 1525.333 1370.566 1665.54 2064.576 2009.499 2039.673 2287.623 2360.242 2360.242 2360.242
4833.856 7404.816 7667.243 7667.243 7667.243 7667.243 5250.506 2557.767 2557.767 2557.767 2557.767 2557.767 2557.767 2577.459 2589.456 2589.456 2589.456 2767.811 2483.531 2314.319 2289.353 2305.008 2554.513 3154.89 3182.503 3182.503 3182.503 3182.503 3182.503 3182.503 3182.503 3182.503 3184.634 3521.637 3521.648 3521.648 3521.648 3483.705 3292.924 3052.118 2732.837 2732.837 2732.837 2927.867 3176.169 3176.169 3176.169 3176.169 3176.169 3176.169 1790.339 1680.871 2454.059 1342.882 827.1609 827.1609 827.1609 827.1609 827.1609 827.1609 1417.156 1570.315 1790.948 1790.948 1790.948 1608.649 1361.163 1361.163 1681.834 2160.892 2160.892 2160.892 2317.654 2361.056 2361.056 2361.056
7669.883 7669.883 7669.883 7669.883 7669.883 7669.883 4870.474 2565.685 2558.648 2558.648 2559.171 2567.846 2561.113 2580.847 2590.348 2590.348 2590.348 2590.348 2590.346 2418.22 2317.147 2711.615 3183.598 3183.598 3183.598 3183.598 3183.598 3183.598 3183.598 3183.598 3183.598 3183.598 3183.861 3401.594 3522.861 3522.861 3309.96 2797.917 2733.779 2733.779 2733.779 2733.779 2733.779 2985.408 3177.263 3177.263 3177.263 3177.263 3177.263 3086.753 1750.86 1534.434 1534.434 1527.413 1239.481 1212.595 1360.808 1303.412 1109.512 827.4457 905.9091 1182.808 1453.546 1619.608 1724.783 1404.395 1361.632 1361.632 1532.289 2121.608 2161.636 2161.636 2294.956 2293.139 2265.755 2292.923
7672.52 7672.52 7672.52 7672.52 7672.52 7672.52 7672.52 5902.278 2559.527 2561.663 2580.058 2591.238 2591.238 2591.238 2591.238 2591.238 2591.238 2591.238 2591.238 2552.703 2326.471 2394.81 2956.202 3184.693 3184.693 3184.693 3184.693 3184.693 3184.693 3184.693 4157.376 3686.917 3184.693 5783.15 7994.831 4430.738 4018.288 2734.718 2734.718 2734.718 2734.718 2734.718 2748.375 3060.274 3186.849 3185.542 3265.625 3178.355 3178.355 2536.255 1544.018 1534.961 1534.961 1534.961 1534.961 1534.961 1534.961 1534.961 1352.04 1342.405 1353.285 1362.1 1362.1 1362.1 1362.1 1362.1 1362.1 1362.1 1473.711 2083.5 2162.379 2162.379 2162.379 2162.379 2162.379 2162.379
7675.152 7675.152 7675.152 7675.152 7666.595 7635.062 6798.373 3676.257 2560.406 2560.855 2583.381 2592.127 2592.127 2592.127 2592.127 2592.127 2592.127 2592.127 2592.127 2471.429 2327.269 2327.269 2644.306 3185.785 3185.785 3185.785 3185.785 3185.785 3185.785 3185.785 5680.637 7287.394 7841.417 9337.894 9351.619 8336.198 7411.049 2735.656 2735.656 2735.656 2735.656 2735.656 3026.368 3212.882 3212.882 3336.191 4328.847 4032.691 4280.417 4622.579 3923.155 1535.488 1535.488 1535.488 1535.488 1535.488 1535.488 1487.292 1363.059 1362.567 1362.567 1362.567 1362.567 1362.567 1362.567 1362.567 1362.567 1362.567 1488.406 1820.445 2163.121 2163.121 2163.121 2163.121 2163.121 2163.121
5582.979 7307.038 7677.781 6017.819 5130.643 3280.714 2447.778 2539.845 2224.646 2265.727 2593.015 2593.015 2593.015 2593.015 2593.015 2593.015 2593.015 2558.647 2513.735 2344.033 2328.066 2328.066 2633.23 3186.876 3186.876 3186.876 3186.876 3186.876 3186.876 3741.205 7881.84 9354.821 9354.821 9354.821 9354.821 9354.821 7608.095 2736.593 2736.593 2736.593 2736.593 2774.336 3141.665 3213.982 3213.982 3213.982 3993.934 4958.66 4958.66 4958.66 4416.444 1536.014 1536.014 1536.014 1536.014 1536.014 1531.447 1373.541 1363.034 1363.034 1363.034 1363.034 1363.034 1363.034 1363.034 1363.034 1363.034 1363.034 1363.034 1478.638 2107.071 2163.862 2163.862 2163.862 2163.862 2163.862
2285.586 4204.743 4287.054 2037.544 2011.87 2011.87 2047.59 2248.477 1951.891 2043.254 2312.37 2564.615 2502.225 2593.901 2590.872 2593.438 2579.429 2363.198 2328.862 2328.862 2328.862 2328.862 2812.595 3187.966 3187.966 3187.966 3187.966 3187.966 3187.966 6902.729 9358.02 9358.02 9358.02 9358.02 9358.02 9358.02 9285.137 4910.894 2737.529 2737.529 2737.593 3063.212 3215.081 3215.081 3215.081 3490.866 4247.018 4960.355 4960.355 4960.355 4479.096 1536.539 1536.539 1536.539 1536.539 1536.539 1534.589 1363.5 1363.5 1363.5 1363.5 1363.5 1363.5 1363.5 1363.5 1363.5 1458.285 1409.973 1363.5 1863.977 2164.602 2164.602 2164.602 2164.602 2164.602 2164.602
2013.449 2012.556 2012.556 2012.556 2012.556 2012.556 1989.255 1952.556 1952.556 1952.556 1952.556 2097.676 2154.659 2053.528 1976.557 2055.118 2261.866 2329.655 2329.655 2329.655 2329.655 2329.655 3134.156 3189.052 3189.052 3189.052 3189.052 3189.052 3189.052 7073.394 9361.207 9361.207 9361.207 9361.207 9361.207 9361.207 9361.207 5334.689 2738.461 2743.493 2791.686 3187.427 3216.176 3216.176 3216.176 3933.188 4962.045 4962.045 4962.045 4962.045 4533.997 1537.062 1537.062 1537.062 1537.062 1537.062 1536.732 1365.271 1363.964 1363.964 1363.964 1363.964 1363.964 1495.465 2034.096 2229.203 2300.936 1925.499 1579.583 2046.507 2165.339 2165.339 2165.339 2165.339 2165.339 2165.339
2013.241 2013.241 2013.241 2013.241 2013.241 2013.241 1988.829 1953.221 1953.221 1953.221 1953.221 1953.221 1953.221 1953.221 1953.221 1953.31 2120.248 2330.448 2329.988 2326.766 2326.546 2330.448 2780.852 3190.138 3190.138 3190.138 3190.138 3241.391 5332.31 9360.398 9364.396 9364.396 9364.396 9364.396 9364.396 9364.396 9364.396 5464.907 2787.499 2795.571 2802.105 3061.33 3217.271 3217.271 3217.271 4306.431 4963.735 4963.735 4963.735 4963.735 4960.327 3107.154 1537.586 1537.586 1537.586 1537.586 1537.586 1760.01 1812.814 1884.693 2158.679 2171.504 2152.328 2296.171 2305.866 2305.866 2305.866 2285.669 2166.076 2166.076 2166.076 2166.076 2166.076 2166.076 2166.076 2166.076
2013.926 2013.926 2013.926 2013.926 2013.926 2013.926 2013.01 1971.582 1953.885 1953.885 1953.885 1953.885 1953.885 1953.885 1953.885 1957.27 2224.168 2286.896 2282.27 2260.582 1987.652 1843.37 1983.806 2276.656 2405.871 2709.265 3206.71 8720.234 9367.579 9367.579 9367.579 9367.579 9367.579 9367.579 9367.579 9367.579 9367.579 7612.378 2817.439 2803.058 2803.058 2835.667 3143.707 3218.365 3218.365 4273.956 4965.422 4965.422 4789.719 4507.438 3404.029 2100.546 1538.108 1538.108 1538.108 1538.108 1684.518 2284.079 2306.65 2306.65 2306.65 2306.65 2306.65 2306.65 2306.65 2306.65 2306.65 2302.249 2206.601 2166.813 2166.813 2166.813 2166.813 2166.813 2166.813 2166.813
2014.614 2187.207 2014.609 2014.609 2014.609 2757.078 3017.418 2706.503 2097.41 1954.731 1954.548 1954.548 1954.548 1954.548 1963.137 2050.837 2279.451 2282.083 2222.641 2084.837 1543.531 1511.225 1511.225 1511.225 1511.225 1426.362 3745.901 7442.087 9370.757 9370.757 9370.757 9370.757 9370.757 9370.757 9370.757 9370.757 9166.738 5146.893 2804.009 2804.009 2804.009 2804.009 2890.144 3219.231 3141.377 3628.784 4863.781 4924.914 3402.349 2595.753 2580.562 2267.706 1568.749 1538.63 1538.63 1538.63 1963.729 2307.433 2307.433 2307.433 2307.433 2307.433 2307.433 2307.433 2307.433 2307.433 2307.433 2307.433 2226.189 2167.548 2167.548 2167.548 2167.548 2167.548 2167.548 2167.548
4573.389 4895.495 3656.226 3676.738 4003.696 4889.104 4898.499 4898.499 2554.743 2078.302 1957.929 1955.209 1955.209 1955.209 1970.575 2219.221 2282.855 2282.855 2037.08 2021.902 1814.31 1511.736 1511.736 1511.736 1511.736 1318.745 1470.067 3165.075 8476.899 9373.926 9373.926 9373.926 9373.926 9373.926 9373.926 9373.926 8966.656 4278.112 2804.957 2804.957 2804.957 2804.957 2804.957 2839.544 2807.291 2804.957 3517.562 3569.457 2581.435 2581.435 2581.435 2581.435 1721.681 1539.151 1539.151 1539.151 1742.005 2284.765 2308.213 2308.213 2308.213 2308.213 2308.213 2308.213 2308.213 2308.213 2308.213 2308.213 2299.542 2223.794 2229.689 2182.79 2168.281 1922.384 1968.275 2168.281
4900.154 4900.154 4900.154 4900.154 4900.154 4900.154 4900.154 4900.154 2729.788 2267.25 2054.455 1965.455 1955.87 1955.87 1955.87 2173.962 2283.627 2232.84 2255.876 1875.995 1611.562 1513.801 1600.222 1519.631 1512.247 1231.754 1078.68 1512.247 1845.913 5924.349 8941.865 9377.095 9377.095 9377.095 9377.095 9377.095 8702.251 4361.565 2805.905 2805.905 2805.905 2805.905 2805.905 2805.905 2805.905 2805.905 2805.905 2761.661 2582.307 2582.307 2582.307 2582.307 2330.752 1794.807 1539.671 1539.671 1539.671 1673.58 2121.094 2308.994 2308.994 2308.994 2308.994 2308.994 2308.994 2308.994 2308.994 2308.994 2308.994 2308.994 2308.994 2257.523 2169.045 1814.546 1793.992 2050.005
4901.808 4901.808 4901.808 4901.808 4901.808 4901.808 4901.808 4901.808 4072.004 2284.397 2284.397 2137.975 2117.321 2091.31 2241.128 2263.859 2284.397 1785.849 2159.448 2014.153 2190.719 2106.929 1876.654 1522.038 1512.757 1225.078 197.5426 1420.508 1512.757 1512.757 3121.596 7583.081 5561.868 7494.425 9377.007 9380.259 4603.62 2806.852 2806.852 2806.852 2806.852 2806.852 2806.852 2822.51 2893.638 2834.631 2702.363 2602.174 2583.178 2583.178 2583.178 2583.178 2583.178 2139.494 1542.059 1544.007 1598.206 1634.962 2117.814 2309.773 2309.773 2309.773 2309.773 2309.773 2309.773 2309.773 2309.773 2309.773 2309.773 2309.773 2309.773 2309.584 2268.084 2340.059 1732.389 1708.557
