indp95g.asc
ncols         816
nrows         816
xllcorner     65
yllcorner     5
cellsize      0.0416666666667
NODATA_value  -9999
[rows 306 to 339 of 816, columns 304 to 379 of 816]
4171.205 3702.476 4486.76 6573.961 5649.2 7445.139 6529.988 7130.749 7846.261 7846.261 7846.261 7846.261 7846.261 7846.261 7846.261 7846.261 7846.261 7846.261 7846.261 7846.261 6299.709 4550.839 4890.784 4278.471 4256.605 4191.747 4232.02 4285.213 4291.226 4291.226 4291.226 4391.947 5189.752 5395.821 6045.257 6045.257 6045.257 6045.257 6045.275 6047.645 6052.382 6052.403 6052.403 4713.202 4373.958 4394.634 4970.678 6027.407 8090.448 8283.995 8283.995 8283.995 8283.995 8283.995 8283.995 8283.995 8386.751 8435.118 8435.118 8435.118 8662.163 20433.76 20222.81 19606.79 9618.686 26630.55 49891.12 49891.12 49891.12 32277.59 9345.062 9345.062 9345.062 9345.062 9345.062 8628.112
3969.869 3706.711 6520.755 7849.068 7849.068 7849.068 7849.068 7849.068 7849.068 7849.068 7849.068 7849.068 7849.068 7849.068 7849.068 7849.068 7849.068 7849.068 7849.068 7849.068 7523.113 7477.333 6174.454 4276.221 4210.476 4172.89 4178.715 4267.861 4292.762 4292.762 4292.762 4631.354 5470.573 6047.42 6047.42 6047.42 6029.583 5987.26 6049.4 6054.234 6054.569 6054.569 5805.846 4563.551 4375.522 4375.522 4375.522 4783.823 6183.35 7637.978 8155.789 8286.959 8286.959 8286.959 8286.959 8286.959 8370.089 8438.137 8438.137 8438.137 8438.137 8438.137 8438.137 8438.137 8438.137 9270.854 40595.28 42953.97 36539.09 16553.32 9100.123 9348.406 9348.406 9323.509 4421.821 3160.582
3705.126 3719.357 7692.173 7851.876 7851.876 7851.876 7851.876 7851.876 7851.876 7851.876 7851.876 7851.876 7851.876 7851.876 7851.876 7851.876 7851.876 7851.876 7851.876 7851.876 7828.125 7405.825 6357.979 4216.294 4175.684 4174.382 4174.382 4254.572 4294.297 4294.297 4294.297 4394.806 5371.292 5766.2 6029.528 5925.669 5497.198 4858.019 5930.062 6056.734 6056.734 6056.734 5751.928 4963.057 4377.088 4377.088 4377.088 4377.088 4377.088 4378.186 7231.182 8289.924 8289.924 8289.924 7834.864 7854.49 8436.432 8441.155 8441.155 8441.155 8441.155 8441.155 8441.155 8441.155 8441.155 8533.314 8612.921 8714.925 8715.357 8715.357 8904.221 9266.434 9327.072 4885.787 2689.733 2689.733
3706.447 3743.154 6820.724 7854.675 7854.675 7854.675 7854.675 7854.675 7854.675 7854.675 7854.675 7854.675 7727.842 6675.721 6379.296 6587.616 6598.887 7230.194 6267.469 5197.063 4863.62 4727.485 4452.396 4214.098 4175.871 4175.871 4189.551 4234.476 4295.828 4295.828 4324.736 4769.485 4798.487 4798.487 4936.554 4909.378 4798.487 5023.335 6042.826 6058.894 6058.894 6058.894 6058.894 4915.833 4386.664 4378.648 4378.648 4378.648 4378.648 4384.605 6217.695 8027.208 7753.365 8288.54 6506.463 7074.274 8444.164 8444.164 8444.164 8444.164 8444.164 8444.164 8444.164 8470.752 8575.804 8710.479 8718.465 8718.465 8718.465 8718.465 8718.465 8718.465 8324.894 3378.875 2734.54 2690.692
3707.766 3718.807 6098.957 7857.471 7857.471 7857.471 7857.471 7857.471 7052.298 5412.828 4792.627 4290.284 4248.694 4773.895 4773.895 4773.895 4773.895 4773.895 4773.895 4773.895 4773.895 4756.381 4480.999 4185.779 4177.356 4177.356 4194.166 4279.902 4297.357 4297.357 4297.357 4353.009 4755.135 4800.195 4800.195 4800.195 4800.195 4822.358 5710.765 6061.05 6061.05 6027.085 5996.748 5885.316 5556.625 4380.207 4380.207 4380.207 4380.207 4380.207 4380.207 4380.207 4380.207 5436.197 5097.297 6568.332 7740.342 5909.373 7663.673 8447.17 8447.17 8447.17 8447.17 8607.042 8721.567 8721.567 8721.567 8721.567 8721.567 8721.567 8721.567 8721.567 8721.567 8721.567 5267.667 2691.65
3714.38 5997.665 7421.075 7860.266 7860.266 7860.266 7860.266 7236.448 3602.933 3351.107 3351.107 3351.107 3725.712 4775.593 4775.593 4775.593 4775.593 4775.593 4775.593 4775.593 4775.593 4625.475 4178.843 4178.843 4107.189 3795.639 4275.771 4298.886 4298.886 4298.886 4367.294 4709.476 4801.903 4801.903 4801.903 4801.903 4801.903 4801.903 5206.803 6004.229 5964.249 5903.902 5879.725 5879.725 5862.261 4886.917 4381.765 4381.765 4381.765 4381.765 4381.765 4381.765 4381.765 4381.765 4632.207 5065.723 5067.029 5067.029 5990.909 8450.175 8450.175 8450.175 8583.501 8710.036 8724.67 8724.67 8724.67 8724.67 8724.67 8724.67 8724.67 8724.67 8724.67 8724.67 8388.554 4861.158
5768.329 7863.053 7863.053 7863.053 7863.053 7863.053 7863.053 5871.932 3352.295 3352.295 3352.295 3352.295 3615.101 4521.008 4777.287 4777.287 4777.287 4777.287 4777.287 4720.762 4508.965 4199.143 4180.324 4180.324 4084.026 3552.076 4221.54 4300.41 4300.41 4300.41 4482.411 4803.605 4803.605 4803.605 4803.605 4803.605 4803.605 4803.605 5046.709 5667.232 5881.81 5881.81 5881.81 5881.81 5881.81 5401.24 4952.547 4383.318 4383.318 4383.318 4383.318 4383.318 4383.318 4387.783 4670.594 5068.826 5068.826 5068.826 6289.655 8448.874 8453.171 8495.638 8713.766 8727.764 8727.764 8727.764 8727.764 8727.764 8727.764 8727.764 8727.764 8232.1 7938.47 7921.651 7358.729 7072.797
7242.688 7865.836 7865.836 7865.836 7865.836 7865.836 7865.836 7691.497 3353.482 3353.482 3353.482 3353.482 3353.902 4352.732 4778.978 4778.978 4778.978 4778.978 4700.395 4208.948 4181.804 4181.804 4176.857 4096.562 3835.606 3553.333 3562.394 3726.883 4264.25 4301.932 4601.958 4798.841 4804.121 4805.306 4805.306 4805.306 4805.306 4805.349 5722.632 5883.892 5883.892 5883.892 5883.892 5883.892 5883.892 5883.892 5813.952 4477.164 4384.87 4384.87 4384.87 4384.87 4677.549 4757.663 4977.902 5070.62 5070.62 5070.62 5070.62 6324.596 7887.546 8606.124 8675.341 8730.853 8730.853 8730.853 8730.853 8730.853 8730.853 8730.853 8730.853 8234.847 7075.301 7075.301 7075.301 7075.301
5255.071 7422.151 7868.619 7868.619 7868.619 7868.619 7619.995 4335.833 3354.668 3354.668 3354.668 3354.668 3753.481 4780.668 4780.668 4780.668 4780.668 4670.364 4320.912 4183.284 4183.284 4183.284 3838.922 3615.339 3572.981 3554.591 3554.591 3554.591 3682.788 4417.562 4763.699 4763.706 4766.379 4787.074 4806.077 4807.006 4807.006 5123.906 5885.961 5885.973 5885.973 5885.973 5885.973 5885.973 5885.973 5885.973 5868.689 4420.714 4330.376 4357.407 4381.968 4377.617 4466.542 5072.414 5070.196 5015.518 5072.414 5072.414 5072.414 5072.414 5702.877 5910.985 5767.009 8670.997 8100.248 8125.385 8730.81 8733.942 8733.942 8733.942 8733.942 7894.39 7077.804 7077.804 7077.804 7077.804
2331.293 2653.433 6587.202 7871.395 7871.395 7871.395 5427.797 3355.851 3355.851 3355.851 3355.851 3355.851 4118.762 4782.354 4782.354 4767.98 4741.048 4324.424 4262.937 4187.073 4184.759 4184.759 3809.75 3897.03 3593.33 3555.844 3555.844 3555.844 3819.92 4740.114 4765.386 4765.386 4766.415 4794.143 4785.028 4807.269 4808.701 5276.024 5888.049 5888.049 5888.049 5888.049 5888.049 5888.049 5803.929 5033.068 4781.84 4255.577 4243.025 4243.025 4299.19 4306.474 4297.979 4437.746 4818.244 4930.824 5074.203 5074.203 5074.203 5074.203 5074.203 5074.203 5074.203 5335.385 5887.587 5990.171 6017.166 7043.199 7425.517 7825.372 8519.847 7626.192 7080.3 7080.3 7080.3 7080.3
2332.114 2332.114 2542.026 5348.279 7292.302 7874.165 6188.375 3357.032 3357.032 3357.032 3357.032 3357.032 3710.521 4633.029 4784.038 4615.622 4564.339 4564.339 4564.339 4387.129 4395.587 4260.271 4102.008 4291.822 3606.85 3557.096 3563.805 4055.043 4009.733 4767.064 4767.064 4767.064 4767.064 4767.064 4260.879 4764.825 4809.472 5239.612 5890.122 5583.191 5890.122 5890.122 5890.122 5370.506 4353.349 5309.185 4324.506 4244.519 4244.519 4244.519 4244.519 4244.519 4247.806 4540.634 4913.554 5075.843 5075.989 5075.989 5075.989 5075.989 5075.989 5077.812 5221.995 5852.527 5941.475 5941.475 5941.475 6183.875 6355.354 6954.353 7085.196 7082.792 7082.792 7082.792 7082.792 7082.792
2332.933 2332.933 2332.933 2332.933 4181.605 4754.09 3403.12 2983.547 3358.212 3358.212 3358.212 3358.212 3358.212 3060.965 3768.351 4572.32 4565.943 4565.943 4565.943 4565.943 4565.943 4565.943 4565.943 4480.825 3656.845 3666.66 4126.652 4768.739 4768.739 4768.739 4768.739 4768.739 4768.739 4377.808 3339.568 3354.032 3557.476 3992.895 3988.508 4284.548 5352.986 4632.846 4453.858 4740.714 4246.01 4246.01 4246.01 4246.01 4246.01 4246.01 4246.01 4246.01 4287.103 4716.496 4741.945 4946.802 4970.186 5049.121 5077.773 5077.773 5077.773 5183.942 5712.367 5943.23 5943.563 5943.563 5943.563 6231.38 6775.658 6767.856 7085.281 7085.281 7085.281 7085.281 7085.281 7085.281
2333.751 2333.751 2333.751 2333.751 2303.576 2331.636 2354.219 2390.482 3203.436 3353.02 3196.658 3128.218 2628.802 3593.62 4468.635 4567.544 4567.544 4567.544 4567.544 4567.544 4567.544 4567.544 4567.544 4567.544 3784.442 3678.468 4705.701 4770.411 4770.411 4770.411 4770.411 4770.411 4770.411 3916.965 3291.834 3291.834 3291.834 3291.834 3291.834 3291.834 3312.711 3416.26 4240.157 4247.5 4247.5 4247.5 4247.5 4247.5 4247.5 4247.5 4247.5 4247.734 4337.453 4708.316 4720.082 4720.082 4720.082 4755.644 4981.944 4873.586 4955.736 5058.254 4884.052 5447.942 5945.647 5945.647 5945.647 5945.647 5945.647 6121.646 7087.766 7087.766 7087.766 7087.766 7087.766 7087.766
2334.57 2334.57 2334.57 2334.57 2302.944 2294.527 2294.527 2294.527 2299.065 2372.036 2294.527 2294.527 2491.377 3082.804 2851.747 4451.544 4569.146 4569.146 4569.146 4569.146 4569.146 4569.146 4569.146 4569.146 4268.525 3560.842 3673.5 4674.352 4772.084 4772.084 4772.084 4772.084 4068.183 3218.088 3269.066 3266.505 3292.988 3292.988 3292.988 3292.988 3292.988 3587.298 4248.989 4248.989 4248.989 4248.989 4248.989 4248.989 4248.989 4263.92 4341.975 4608.775 4713.972 4721.736 4721.736 4721.736 4721.736 4721.736 4721.736 4721.736 4721.999 4776.886 4721.736 5239.178 5870.176 5947.732 5947.732 5947.732 5947.732 5952.63 6308.052 6318.263 6736.778 6775.044 6737.198 5840.288
2335.385 2335.385 2335.385 2335.385 2302.848 2295.328 2295.328 2295.328 2295.328 2295.328 2295.328 2295.328 2295.328 2295.328 2295.328 2832.835 3874.696 4570.743 4570.743 4570.743 4570.743 4570.743 4570.743 4570.743 3671.6 3562.086 3572.07 4262.458 4773.751 4765.159 4327.539 4136.631 3074.962 2985.105 3015.543 3121.905 3294.139 3294.139 3294.139 3294.139 3294.139 3703.901 4189.315 4250.474 4250.474 4250.474 4250.474 4250.474 4250.474 4572.23 4708.942 4723.386 4723.386 4723.386 4723.386 4723.386 4723.386 4723.386 4723.386 4723.386 4723.386 4723.386 4723.386 5425.337 5949.811 5949.811 5949.811 5949.811 5949.811 5949.811 5949.811 5794.206 5270.145 5270.145 5270.145 5270.145
2336.2 2336.2 2336.2 2336.2 2324.933 2296.129 2296.129 2296.129 2296.129 2296.129 2296.129 2296.129 2296.129 2296.129 2296.129 2989.655 3732.857 4387.219 4498.943 4572.337 4572.337 4572.337 4572.337 4069.041 3972.977 4241.597 4652.318 4775.417 4775.417 4683.669 3272.648 2986.146 2986.146 2986.146 2986.146 3121.537 3295.288 3295.288 3295.288 3295.288 3295.288 3654.605 4251.957 4251.957 4251.957 4251.957 4251.957 4251.957 4251.957 4364.85 4691.781 4328.441 4466.295 4725.034 4740.447 5083.553 4764.97 4725.034 4725.034 4725.034 4725.034 4725.034 4923.421 5876.048 5951.886 5951.886 5951.886 5951.886 5951.886 5951.886 5912.844 5344.258 5271.983 5271.983 5271.983 5271.983
2337.013 2337.013 2337.013 2337.013 2329.467 2300.217 2296.929 2296.929 2296.929 2296.929 2296.929 2296.929 2296.929 2296.929 2377.049 3559.054 3691.336 4064.915 5236.488 9480.1 8944.271 8907.659 9187.727 8871.047 9793.59 5199.163 4777.08 4777.08 4531.513 4119.544 3192.879 2987.186 2987.186 2987.186 2987.186 3014.349 3191.409 3296.435 3296.435 3296.435 3296.435 3322.688 3973.658 4253.437 4253.437 4253.437 4253.437 4253.437 4248.649 3991.299 3874.884 3324.999 3618.527 4000.1 4559.628 5247.188 4962.821 4726.679 4726.679 4726.679 4726.679 4952.388 5681.786 5953.958 5953.958 5953.958 5953.958 5953.958 5953.958 5708.649 5302.681 5273.819 5273.819 5273.819 5273.819 5273.819
2337.826 2337.826 2337.826 2337.826 2337.826 2311.409 2297.727 2297.727 2297.727 2297.727 2297.727 2297.727 2585.903 3150.524 3545.871 3669.968 3669.968 3715.99 11399.53 11402.33 11402.33 11402.33 11402.33 11402.33 11402.33 9989.383 5049.899 3542.574 3389.776 4539.521 4011.125 2988.224 2988.224 2988.224 2988.224 2988.224 3028.236 3242.23 3297.581 3297.581 3297.581 3311.146 4038.811 4252.877 4254.915 4254.915 4254.915 4254.915 3843.647 3291.655 3241.327 3241.327 3241.327 3241.327 3814.686 5247.216 4829.575 4728.322 4728.322 4728.322 4731.459 5790.704 5956.028 5956.028 5956.028 5956.028 5956.028 5956.028 5868.457 5315.548 5275.651 5275.651 5275.651 5275.651 5275.651 5275.651
2338.636 2338.636 2338.636 2338.636 2338.636 2373.365 2564.728 2358.117 2532.682 2298.524 2333.418 3067.23 3656.104 3671.241 3671.241 3671.241 3671.241 6361.226 11406.29 11406.29 11406.29 11406.29 11406.29 11406.29 11406.29 9383.376 3783.772 3327.337 3587.875 5007.07 4170.623 2989.261 2989.261 2989.261 2989.261 2989.261 2989.261 3030.619 3244.697 3298.725 3298.725 3760.499 4232.814 4232.821 4239.44 4242.408 3849.719 3797.304 3392.257 3242.451 3242.451 3242.451 3242.451 3242.451 4378.345 5251.825 4987.676 4856.903 4729.962 4736.305 4729.962 5651.168 5958.094 5958.094 5958.094 5958.094 5958.094 5958.094 5395.653 5277.482 5277.482 5277.482 5277.482 5277.482 5277.482 5277.482
2339.446 2339.446 2339.446 2339.446 2339.446 2468.827 3640.725 3600.916 3608.787 3158.523 3397.191 3672.512 3672.512 3672.512 3672.512 3672.512 8468.518 10228.25 11410.24 11410.24 11410.24 11410.24 11410.24 10373.44 9372.542 10955.18 7356.752 5896.857 3953.572 5008.804 4194.537 3160.389 2990.296 2990.296 3395.886 3142.515 2990.296 3033.79 3299.867 3299.867 3463.443 4192.389 4234.279 4234.279 4234.279 4214.05 3348.482 3315.472 3243.574 3243.574 3243.574 3243.574 3243.574 3243.574 4116.278 5253.644 5253.644 5153.427 4834.816 5523.65 5366.318 5906.625 5960.157 5960.157 5960.157 5960.157 5960.157 6320.973 5940.959 5307.618 5279.309 5279.309 5279.309 5279.309 5279.309 5279.309
2340.255 2340.255 2340.255 2340.255 2340.255 2373.371 3380.571 3673.782 3673.782 3673.782 3673.782 3673.782 3673.782 3673.782 3673.782 4276.352 10706.41 11414.18 11414.18 11414.18 11414.18 9146.233 6215.271 4890.569 8447.568 11413.97 7628.845 5636.694 5010.536 5027.174 5016.133 4080.133 3567.318 3858.729 5188.199 5478.595 4317.464 3956.439 4008.48 3375.813 3889.081 4235.743 4235.743 4235.743 4235.743 4235.743 4159.768 3638.099 3380.569 3302.108 3244.695 3244.695 3244.695 4137.892 5245.599 5255.459 5255.459 5255.459 5255.459 5635.045 5896.45 4941.452 4882.6 5819.721 5936.642 5947.372 6559.714 6906.212 6907.932 6826.633 6793.745 6346.635 5296.354 5630.439 5382.37 5451.818
2341.062 2341.062 2341.062 2341.062 2341.062 2217.703 2917.033 3123.741 3295.136 3495.442 3658.412 3664.718 3675.049 3675.049 3733.198 6864.071 11012.96 11418.12 11418.12 11418.12 10935.55 7779.198 3794.949 4408.765 6048.502 9712.538 8504.827 5012.264 5116.048 5384.844 5353.956 5337.766 5534.905 5482.409 5535.047 5535.047 5535.047 5535.047 5535.047 4871.109 4236.982 4237.205 4237.205 4237.205 4237.205 4237.205 4237.205 4092.726 4041.606 3590.081 3245.814 3569.308 3863.989 5178.001 5257.272 5257.272 5257.272 5257.272 4993.546 5843.231 4593.059 2805.588 2805.588 3856.702 5755.505 5715.667 6479.17 6910.4 6910.4 6910.4 6910.4 6910.4 6794.791 6907.021 6812.685 6545.891
2329.377 2341.868 2341.868 2341.868 2326.174 1977.307 1995.795 1900.645 1898.179 1898.179 1914.319 1961.759 2210.855 2613.666 3126.576 6678.633 11124.67 11422.05 11422.05 10163.2 8451.415 3968.052 3796.256 4548.171 5013.99 5013.99 5013.99 5018.848 5382.438 5117.421 5126.051 5466.352 5536.953 5536.953 5536.953 5536.953 5536.953 5536.953 5309.865 4239.248 4191.998 4238.664 4238.664 4238.664 4238.664 4238.664 4238.664 4238.664 4238.664 4019.804 3247.44 5142.297 5201.857 5259.083 5259.083 5259.083 4878.164 3067.43 2860.35 3824 2806.554 2806.554 2806.554 3360.53 5716.461 5716.461 5794.377 6190.753 6912.78 6912.78 6912.78 6912.78 6912.78 6912.78 6092.273 4709.683
2145.859 2246.07 2342.674 2261.678 1973.11 1898.831 1898.831 1898.831 1898.831 1898.831 1898.831 1898.831 1898.831 1898.831 1898.831 1898.831 7534.918 11425.98 9740.262 7551.421 6157.774 4629.471 3797.561 3853.038 4685.579 4681.158 4910.578 5102.637 5511.714 5034.61 5018.86 5417.787 5251.192 5538.856 5538.856 5538.856 5538.856 5538.856 4961.116 4206.733 4183.141 4195.792 4226.632 4216.561 4237.746 4240.121 4240.121 4240.121 4240.121 3528.868 4176.214 5260.515 5260.891 5260.891 5221.616 4854.338 3542.765 2807.519 2807.519 2807.519 2807.519 2807.519 2807.519 3235.985 5597.957 5718.426 5718.426 5718.443 6404.173 6915.156 6915.156 6915.156 6915.156 6915.156 6150.216 4348.181
2144.804 2151.919 2200.264 2069.647 1900.55 1899.483 1899.483 1899.483 1899.483 1899.483 1899.483 1899.483 1899.483 1899.483 1899.483 1899.483 2472.54 10857.78 11429.9 11429.9 11429.9 9019.165 3798.864 3798.864 3798.864 3798.864 3917.301 4865.719 5261.045 5213.287 5509.233 5001.574 4028.787 5129.781 5540.756 5540.756 5540.756 5540.756 5540.756 4318.476 4226.746 4171.73 4174.692 4234.211 4241.575 4241.575 4241.575 4241.575 4191.979 3330.335 4909.281 5262.696 5239.113 4327.185 4157.3 3559.116 2903.206 2808.482 2808.482 2808.482 2808.482 2808.482 2808.482 2808.482 3095.654 4487.692 5713.694 5720.388 5740.671 6434.873 6917.528 6917.528 6917.528 6887.73 5670.193 4755.182
2145.539 2145.539 2145.539 2145.539 2024.32 1900.133 1900.133 1900.133 1900.133 1900.133 1900.133 1900.133 1900.133 1900.133 1900.133 1900.133 1900.133 6829.723 10871.01 11319.02 6178.739 4185.591 3669.998 3800.165 3800.165 3800.165 3800.165 3872.544 4712.597 5265.342 4222.971 4369.083 4044.479 4395.749 5422.702 5542.654 5542.654 5542.654 5542.654 4306.523 4186.284 4176.96 4218.258 4242.226 4243.028 4242.78 4242.551 4282.244 4519.359 4912.188 5264.498 5264.498 5215.712 3782.4 3739.449 3739.449 3231.028 2984.684 2976.646 2947.576 2809.444 2809.444 2809.444 2809.444 2809.444 2809.444 5058.957 5722.347 5722.347 5837.411 6695.003 6919.897 6919.897 6805.5 5988.52 4291.199
2146.272 2146.272 2146.272 2146.272 2025.898 1900.783 1900.783 1900.783 1900.783 1900.783 1900.783 1900.783 1900.783 2152.231 2283.949 1727.643 1914.674 1989.898 7772.667 6773.144 3526.113 4246.366 3864.783 3801.464 3801.464 3801.464 3801.464 3801.464 3859.354 4249.565 3505.286 3505.286 3799.014 5148.398 3766.079 5489.846 5126.38 5049.662 5194.052 4716.452 4155.704 4199.991 4240.507 4243.929 4243.608 4203.279 4234.797 5041.537 5160.147 5137.518 5062.083 5266.297 5144.777 3902.442 3740.727 3740.727 3740.727 3740.727 3740.727 3661.293 2866.378 2810.405 2810.405 2810.405 2940.145 3819.779 5408.152 5724.303 5724.303 5724.303 5861.996 6559.088 6396.97 4591.68 4292.667 4292.789
2147.003 2147.003 2147.003 2146.621 1966.323 1901.43 1901.43 1901.43 1901.43 1901.43 1901.43 1919.981 2586.74 3075.649 3775.624 306.5168 921.7005 2938.418 3713.188 4413.624 4331.927 4351.607 4231.794 3803.133 3802.759 3834.328 3911.468 3995.027 3763.438 3546.885 3999.981 3538.129 3515.862 3630.417 3507.818 5051.512 4062.415 4713.453 4150.63 3644.684 3844.335 4182.017 4194.276 4214.778 4225.74 4176.007 4176.007 4176.007 4206.706 4176.007 4177.274 4427.083 4460.455 3691.184 3580.858 3742.001 3742.001 3742.001 3742.001 3742.001 3514.206 2817.539 2811.362 2811.362 3547.687 5726.253 5544.259 5658.846 5664.971 5726.253 5424.135 6618.413 6059.998 4832.551 5010.522 4865.516
2147.734 2147.734 2147.734 2147.734 2068.138 2258.816 2645.402 2112.012 1902.078 2346.796 3407.755 3768.014 4111.996 4111.996 3893.91 487.537 743.9872 4211.223 4353.089 4353.089 4353.089 4353.089 4353.089 4138.683 4336.265 4517.344 4582.087 4582.087 4042.26 4132.25 4582.087 4493.879 4339.025 3847.17 3507.674 3507.674 3507.674 3507.674 3507.674 3507.674 3860.757 4177.43 4177.43 4178.498 4178.053 4177.43 4177.43 4177.43 4177.43 4177.43 4177.43 4177.43 3687.23 2428.661 2272.445 3301.395 3743.276 3743.276 3743.276 3743.276 3742.536 3038.063 2812.32 3587.448 5411.749 5166.944 4580.026 5178.068 5345.315 5400.052 5373.841 5428.459 6415.136 4771.357 4980.003 5024.546
2148.464 2148.464 2148.464 2148.464 2148.464 3020.466 4113.394 3981.794 3867.156 4110.14 4113.394 4113.394 4113.394 4113.394 4096.787 1493.82 1164.283 4354.569 4354.569 4354.569 4354.569 4354.569 4354.569 4433.263 4583.645 4583.645 4583.645 4583.645 4583.645 4583.645 4583.645 4583.645 4583.645 4582.936 4272.378 3671.763 3508.866 3508.866 3508.866 3508.866 3944.063 4201.865 4178.85 4178.85 4178.85 4178.85 4178.85 4178.85 4178.85 3739.664 2836.25 2664.936 2494.643 2256.688 2256.688 2328.183 3585.871 3744.548 3744.548 3744.548 3744.548 3522.993 3304.655 5366.301 5518.681 4459.982 3551.422 4530.984 5454.38 5030.394 5030.394 5030.394 5030.394 5030.394 5030.394 5030.394
2149.193 2149.193 2149.193 2091.821 1753.348 2064.192 3108.964 3832.48 4101.006 4114.79 4114.79 4114.79 4114.79 4114.79 4114.173 1573.652 2247.916 4356.046 4356.046 4356.046 4356.046 4356.046 4356.046 4517.513 4585.201 4585.201 4585.201 4585.201 4585.201 4585.201 4585.201 4585.201 4585.201 4585.201 4379.158 3752.768 3510.057 3510.057 3510.057 3510.057 4038.307 4453.772 4311.61 4194.854 4180.268 4180.268 4180.268 4206.523 3741.347 2668.95 2257.453 2257.453 2257.453 2257.453 2257.453 2257.453 3241.927 3745.819 3745.819 3745.819 3737.926 3565.582 3517.273 3952.201 3789.148 3678.562 3704.836 5561.439 5347.002 5057.422 5032.1 5032.1 5032.1 5032.1 5032.1 5032.1
2149.92 2149.92 2038.4 1716.879 1685.74 1685.74 1685.74 1698.826 3458.243 4116.181 4116.181 4116.181 4116.181 4090.739 3935.821 3959.177 4357.52 4357.52 4357.52 4357.52 4357.52 4357.52 4357.52 4429.967 4586.751 4586.751 4586.751 4586.751 4586.751 4580.372 4419.379 4331.279 4412.561 4320.676 3556.381 3511.244 3536.17 3515.194 3523.606 3598.991 4108.304 4477.504 4477.504 4451.191 4374.831 4432.02 4443.919 4457.188 2919.804 2258.217 2258.217 2258.217 2258.217 2258.217 2258.217 2258.217 2412.432 3482.399 3681.789 3666.789 3519.227 3514.473 3514.473 3514.473 3514.473 3514.473 3514.473 4163.871 5033.802 5033.802 5033.802 5033.802 5033.802 5033.802 5033.802 4975.575
2150.647 2150.647 1736.402 1686.31 1686.31 1686.31 1686.31 2556.956 4109.62 4117.573 4117.573 4117.573 4037.792 3897.908 3886.285 4118.32 4336.641 4213.286 4207.544 4358.993 4358.993 4358.993 4358.993 3557.379 4448.387 4572.756 4452.734 4418.797 4375.696 3989.952 3881.392 3881.392 3975.723 4035.629 3559.95 3619.83 3675.33 3664.941 3665.1 3676.487 4131.189 4479.018 4479.018 4479.018 4479.018 4479.018 4479.018 4479.018 2545.792 2258.98 2258.98 2258.98 2258.98 2258.98 2258.98 2258.98 2496.512 3496.373 3515.661 3515.661 3515.661 3515.661 3515.661 3515.661 3515.661 3501.006 3297.04 4088.632 3401.24 3262.697 4992.663 5035.503 5035.503 5035.503 5035.503 5035.503
1915.973 1933.595 1694.259 1686.879 1686.879 1686.879 1686.879 2522.537 3785.753 3281.066 3854.503 3734.619 3649.352 3887.597 3887.597 3887.597 3931.789 3920.83 3887.809 4228.354 4360.463 4360.463 4356.721 3154.462 2694.169 3071.546 3748.285 3883.466 3882.803 3882.702 3882.702 3882.702 3768.267 3677.727 3677.727 3677.727 3677.727 3677.727 3677.727 3698.851 4257.143 4480.529 4480.529 4480.529 4480.529 4480.529 4480.529 4480.529 2594.497 2259.742 2259.742 2259.742 2259.742 2259.742 2259.742 2259.742 2259.86 3012.188 3516.847 3339.557 3214.157 3048.512 3136.538 3098.672 2665.861 2485.102 1975.056 2751.764 2186.859 1972.389 2850.03 4913.625 5037.203 5037.203 5037.203 5037.203
