indp95g.asc
ncols         816
nrows         816
xllcorner     65
yllcorner     5
cellsize      0.0416666666667
NODATA_value  -9999
[rows 510 to 543 of 816, columns 304 to 379 of 816]
3811.261 3811.261 3805.917 3767.533 3785.36 3791.552 4300.669 3755.583 3947.726 3900.973 3972.926 4312.264 4354.479 4494.275 4529.852 5164.813 5171.984 4032.282 4605.393 6082.372 4840.048 4287.412 4135.238 4074.522 4030.8 3840.725 3655.951 3586.371 3138.049 3704.698 3971.599 3971.599 3912.973 4136.824 7732.315 8001.403 7882.11 4595.604 3814.003 3814.003 4295.646 4968.552 4425.434 4950.4 5941.162 5657.194 5588.308 5457.643 5249.199 5344.415 6116.325 6389.749 6117.399 5338.35 3564.024 3272.904 3272.904 3269.882 3017.909 1553.515 1142.169 1503.469 3544.656 3936.642 3888.47 1085.983 467.088 2297.88 1661.725 3689.668 1282.361 1400.234 1575.83 2995.406 2735.131 2755.139
3887.046 4057.007 3839.684 3787.188 3786.24 5331.26 6208.287 5917.583 4282.178 3756.455 3756.455 4100.41 4320.689 4413.234 4510.969 4981.812 6394.068 5410.32 6123.415 6495.696 5717.329 4726.291 4836.142 4012.779 5526.354 4118.252 3693.072 2784.45 2694.74 3331.715 3968.071 3980.98 4548.362 5220.917 7490.778 7807.996 5357.781 3999.991 3975.399 3916.82 3853.533 4116.867 4116.867 4213.083 5245.22 5152.666 5152.638 5152.638 5357.91 5427.037 5646.04 5896.071 5747.79 5747.79 5349.356 5081.303 5757.127 3532.276 1885.276 1868.078 1881.662 1885.276 2021.969 4834.751 4834.751 4567.512 2425.808 2664.399 2664.399 5302.802 8128.392 6690.377 1920.512 1948.425 1576.196 1576.196
5540.489 4689.215 4453.42 3813.363 4191.711 6009.518 6544.33 6544.33 6392.588 7415.418 6543.798 6066.12 4988.409 5234.436 4422.349 4733.923 6399.415 16341 14118.25 6837.542 6837.542 7709.58 8673.261 8659.226 8708.12 4277.058 2695.366 2695.366 2695.366 2813.052 4197.604 4422.422 4590.465 5042.259 5186.788 5278.086 4032.207 4032.207 4032.207 3751.936 3644.945 4060.515 4117.823 4117.823 4345.385 5075.847 5231.959 5262.701 5597.447 5516.217 5645.936 5697.412 5648.614 5749.125 6543.134 8074.616 8214.015 5618.153 1885.714 1885.714 1885.714 1970.561 3215.273 4835.875 4835.875 4500.496 2692.156 2665.018 2665.018 2782.944 6710.552 5240.323 1576.562 1576.562 1576.562 1576.562
4906.325 4848.45 4381.416 4181.505 4714.69 6496.725 6545.843 6545.843 6586.592 11718.7 12747.99 12705.15 12062.56 10080.42 7355.667 6424.456 6440.356 34109.93 38180.31 6839.646 7137.883 8817.08 9043.532 9043.532 7266.2 3253.378 3077.806 2772.285 2718.356 3503.229 4470.298 4470.298 4548.197 5029.467 5051.555 4926.39 3932.45 3857.359 3871.32 3590.333 3571.851 3819.052 4118.775 4118.775 4184.099 4759.284 5471.465 5637.913 5637.913 5532.779 5511.626 5511.626 5511.889 6340.964 7315.666 8215.914 8215.914 3123.946 1886.15 1886.15 1886.15 3185.919 4836.993 4836.993 4836.993 4814.844 3491.031 2665.635 2665.635 3524.209 8140.225 7654.854 2262.926 1576.927 1576.927 1576.927
4859.701 4859.701 4497.588 4195.264 4443.074 5282.021 5918.997 5682.723 5641.29 8476.758 12750.93 11680.28 10384.79 10350.55 9912.388 8080.121 6512.734 33951.82 34406.41 6849.448 27492.81 16120.53 16029.73 23977.55 20167.69 3281.133 3281.133 3250.067 3905.321 5999.912 4956.257 4471.33 4471.488 4703.218 4997.867 4720.394 3693.698 3548.706 3530.161 3572.011 3572.675 3831.007 4606.33 4481.898 4828.002 4833.635 5359.063 5639.213 5639.213 5568.778 5487.426 5596.4 6831.735 7875.025 8140.479 7493.047 7009.214 4870.156 1886.585 1886.585 2239.799 3502.178 3981.426 3956.733 4693.678 4838.108 4804.841 2992.249 3844.849 6037.227 7394.045 8142.103 2569.272 1533.762 1466.363 1498.714
4754.116 4334.205 4218.72 4293.84 4412.036 4795.248 4955.195 5307.209 5486.241 8043.26 12197.06 12390.67 10363.12 10352.93 11952.46 12542.03 15651.25 46442.36 48601.5 40706.57 47221.85 47607.95 33374.23 28418.72 21522.22 3349.583 3287.15 3375.747 5201.125 7008.497 6999.61 6893.818 5569.679 4477.611 3351.83 3376.792 3489.662 3503.189 3503.194 3530.605 3572.426 3958.072 4834.748 4834.748 4940.908 4958.561 5411.802 5638.017 5559.453 5412.52 5345.753 5322.662 5197.216 5468.771 6943.072 5642.542 5557.742 5042.902 3317.709 3287.745 3168.12 3682.006 3624.1 3624.1 4391.321 3871.769 4455.449 4779.669 5022.059 7854.516 8143.977 8143.977 3740.334 1443.096 1383.974 1383.974
3720.944 4543.777 4822.649 4906.506 4833.335 4898.5 5094.004 5161.895 5401.244 5599.701 5839.163 9352.544 9372.371 14354.45 21572.84 23940.83 23980.36 38391.2 55344.44 50306.25 47618.86 39919.52 26991.48 27355.48 20835.39 6756.611 3701.497 3699.932 5276.622 6986.342 7010.102 7010.102 6705.411 3991.097 3302.662 3302.662 3303.374 3479.814 3664.818 3508.383 4454.829 4907.022 5482.294 5425.314 5514.842 5057.381 5114.305 5169.92 5312.12 5323.882 5323.882 5307.247 5067.556 5096.928 5503.858 5559.015 5559.015 5005.458 4219.905 3690.637 3690.637 3672.979 3816.689 4003.198 3628.172 3624.93 3624.93 3474.692 2454.251 6337.782 8145.843 8145.843 7322.646 2755.344 1384.291 1384.291
4441.32 5651.338 5644.844 5667.976 5760.195 6049.304 5631.216 5631.216 5625.766 5633.37 5785.296 5819.539 5788.108 18608.61 22963.35 23750.54 24120.37 30452.31 58361.89 380702.2 284727 23568.52 18686.16 15935.44 13151.39 6633.691 3712.453 3712.453 4260.659 4568.831 6841.909 4957.206 3587.984 3381.277 3342.646 3306.098 3303.419 3692.173 3963.464 3850.42 3967.295 4872.965 5540.973 5540.973 5009.344 4679.744 4674.21 4674.21 4838.794 5091.478 5220.744 5182.219 5062.914 5062.914 5126.333 5522.583 5217.194 4889.962 4818.107 4403.311 3884.365 4374.663 4646.685 5029.476 4600.78 3511.534 2635.739 2150.082 2142.456 2601.953 7862.901 8089.544 8091.821 6207.879 1384.608 1384.608
3696.626 3895.724 3994.012 5244.902 5678.652 6369.202 6213.879 5855.336 5540.905 5105.22 5422.564 4334.168 5159.451 5659.514 5292.591 16101.91 27016.43 100927.7 290164.6 602988.5 285534.5 22787.4 20824.6 13781.63 12749.48 10725.98 3729.58 3923.953 3953.914 4658.371 6103.178 3819.055 3410.035 3410.035 3410.035 3352.909 3436.192 3949.17 3965.673 3965.673 3965.673 3958.64 4152.086 4404.305 4601.528 4675.278 4654.041 4566.785 4525.859 4567.871 4921.666 5064.071 5064.071 5062.678 4637.073 5226.869 4878.27 4878.27 4878.27 5327.078 11547.53 9322.322 5030.625 4952.12 3798.015 2638.703 2226.526 2248.801 2193.337 2200.187 3072.873 3668.805 4027.271 3702.219 1898.669 2375.559
3531.543 3672.753 3892.819 3892.819 4137.882 6350.227 6372.282 6027.109 3954.859 3723.331 3801.09 3723.331 3792.925 4525.481 4819.32 4819.32 20919.46 123306.1 600749.8 541213.2 313366.7 32063.85 12852.61 6048.57 5928.427 4481.379 4221.67 4283.592 4283.592 4554 4291.267 3410.811 3410.811 3545.118 3607.296 3418.128 3581.631 4005.861 3903.75 3912.638 3952.428 3934.244 3894.504 3883.011 4092.924 4563.294 4568.062 4528.867 4526.047 4526.047 4756.39 5065.223 4931.229 4323.729 4046.969 4251.936 4645.36 4812.169 6194.784 6753.168 9364.862 20338.79 15153.19 14852.97 9112.725 2588.908 2588.908 2588.908 2251.597 2188.477 3067.432 3067.432 3067.432 3067.432 3153.427 3389.389
3532.346 3480.414 3791.303 3893.704 4170.426 5637.26 6178.802 4245.354 4152.747 3809.534 3724.178 3724.178 3873.614 4745.271 4820.416 4820.416 21531.07 30877.64 98368.05 39941.06 40101.5 24141.15 5850.445 5850.445 5850.445 5366.782 4447.343 4284.566 4284.566 4368.672 4316.521 3881.293 3599.114 3996.079 4196.257 4142.895 4196.257 4233.235 4078.878 3911.118 3794.381 3784.585 3785.997 3869.196 3883.894 3890.799 4156.619 4541.436 4548.223 4547.268 4541.578 4439.107 4235.839 4047.89 4047.253 4044.427 4042.139 4058.91 5361.799 6886.821 12824.9 20670.51 20670.51 17851.73 9093.322 3630.542 2589.496 3321.322 2332.928 2146.635 2625.633 3099.625 3068.13 3312.269 4158.724 4897.191
3295.392 2498.489 3182.962 3894.586 5225.025 4830.739 5473.837 4204.482 4204.482 3928.007 3700.828 3648.143 3796.853 4845.237 5200.766 6958.254 9698.485 9431.92 34244.75 40110.58 40110.58 21771.54 5851.77 5851.77 5823.538 5439.772 4574.836 4451.109 4454.808 4499.453 4506.405 4490.289 4238.052 4198.46 4197.738 4258.404 4234.429 4475.772 4542.15 4164.179 3789.37 3785.442 4002.723 6368.665 7047.903 4921.283 4595.304 4594.758 4596.543 4586.657 4512.928 4134.331 4050.3 3991.838 3725.728 3651.26 3651.451 5142.186 6849.256 7223.188 17564.05 20675.19 17456.28 7177.596 6038.453 5355.092 5734.339 5598.525 2420.041 3103.689 3875.445 3591.086 3493.195 3698.508 4598.355 4898.3
2439.198 2439.198 2820.535 3668.751 3710.077 3683.07 3731.862 4113.459 4205.434 3892.583 3552.009 3549.125 3596.469 4159.175 7592.927 7951.427 7778.25 7951.427 14764.47 16469.99 15034.97 6994.104 4998.965 5134.505 4921.628 4672.962 4622.332 4556.186 4507.425 4507.425 4507.425 4484.504 4361.477 4343.383 4305.989 4361.477 4445.478 4552.208 4545.308 4529.27 4178.358 4973.543 6682.255 6495.81 12573.52 13409.62 8843.286 4597.584 4597.584 4546.565 4416.839 4416.626 4397.672 3872.936 3602.327 3602.327 3602.327 4769.543 6731.625 9311.992 19309.67 14247.21 6193.628 6039.819 6187.394 6629.549 6906.795 5721.258 3902.208 5642.412 4881.277 3702.758 3702.758 3703.079 4892.255 4899.409
2728.866 2898.22 2822.404 3683.899 3683.899 3683.899 3683.899 3954.208 4096.297 4052.835 3661.151 3548.277 3548.46 4396.812 5094.542 6975.399 4487.623 4696.043 4373.799 3979.787 4138.092 4675.459 4675.459 4370.371 3531.855 3592.214 3270.779 3612.586 3860.195 3369.233 3195.597 3921.444 4329.858 4348.561 4362.46 4368.127 4539.381 4553.234 4534.699 4529.962 4527.817 7645.925 7299.522 4545.146 10577.04 13412.64 8199.785 5062.567 4903.13 4540.885 4417.834 4417.741 4252.065 3648.942 3603.139 3603.139 3686.254 4811.853 6083.835 6214.413 7962.595 4789.841 5228.797 6018.371 6436.155 6708.735 6888.735 5789.143 4557.812 5738.9 5688.862 3997.23 3708.102 3779.738 4530.424 4862.341
4950.218 5241.865 4707.015 4144.715 4057.318 3983.689 3728.757 3684.728 4368.87 4597.223 3940.842 3549.074 4757.729 5375.345 5366.383 4452.932 4065.816 4065.816 4065.816 3678.913 3233.878 4313.708 4645.495 3737.417 2686.08 2686.08 2691.533 2800.591 2801.818 2801.818 2801.818 2803.378 3211.217 3941.748 4222.243 4458.757 4554.257 5392.684 5452.996 4681.879 4587.12 7643.946 5950.005 4546.167 6299.704 13094.31 11363.43 5819.517 5282.779 4785.93 5440.615 4673.604 4296.177 3936.478 3603.949 3639.825 3947.494 4032.939 4705.41 5840.878 5969.615 4790.917 4790.917 5283.425 6505.319 6619.026 6730.901 6574.895 5657.725 6070.636 6023.877 3879.011 3758.505 3845.185 3845.185 4162.166
5143.312 5246.474 4658.162 4221.167 4221.167 4226.569 4210.356 3954.4 4641.315 4549.142 4084.502 4142.144 5512.669 5420.022 5376.55 5051.087 4178.104 3940.401 3508.484 3477.663 3210.029 3210.029 3966.573 3729.539 2839.3 2686.682 2686.682 2708.773 2778.65 2802.447 2802.447 3037.717 3212.345 3346.411 3213.849 3737.474 9103.413 10656.28 10211.05 9847.274 4166.754 6540.464 7336.321 4608.303 4464.863 9425.539 13418.67 6952.627 5280.808 5172.409 5926.771 4479.354 4297.141 4249.037 4148.947 3957.508 4015.801 4015.801 4015.801 5521.678 5996.382 4791.992 4747.029 4552.157 6294.288 6586.67 6358.837 5878.989 6386.968 6718.889 6718.889 5575.069 3797.353 3846.841 3846.048 3846.048
4252.513 5239.323 4656.824 4226.857 4290.784 4351.232 4459.68 4631.731 4664.151 4916.463 6208.549 6324.915 6324.915 6116.78 5861.913 5658.062 4722.472 3426.136 3210.747 3210.747 3210.747 3210.722 3009.124 3005.053 2880.544 2687.283 2687.283 2687.283 2769.724 2804.27 3750.231 3384.76 3214.568 3214.568 3214.568 8094.47 10767.65 10767.65 10767.65 9519.915 3439.996 3815.049 3848.812 3760.05 4028.864 5161.852 9671.021 6488.85 4894.115 5671.566 5921.711 4697.522 4298.102 4960.632 7212.48 5937.642 4035.186 4016.699 4016.699 5447.411 5729.592 4767.388 4173.456 4002.459 4104.494 4705.226 5872.219 5802.411 6378.851 6720.393 6720.393 6056.889 5485.011 5128.173 4775.014 4174.051
5349.314 5756.897 4840.605 4290.959 4387.621 4387.624 4456.817 4663.19 4665.192 5588.271 6326.327 6326.327 6326.327 6296.574 5093.2 3644.979 3831.346 3325.879 3209.009 3211.704 3206.918 3009.665 2978.889 2978.889 2978.481 2923.211 2755.443 2735.208 2850.225 2922.519 3704.662 4341.139 4230.162 4086.367 3218.467 8484.486 9608.129 10580.69 10770.05 6941.458 3440.764 3440.764 3509.687 3916.152 4002.012 4339.46 4452.371 4457.56 4500.493 4788.017 5155.004 6173.293 5856.334 6923.82 7552.645 7552.645 6435.483 4198.898 4028.756 5580.171 6085.908 4966.449 4492.672 4052.429 4003.353 4565.781 5911.406 5962.579 5976.466 6559.079 6042.182 4360.119 4582.495 5140.044 5120.971 4199.893
6089.804 6359.461 5131.378 4256.306 4321.302 4361.013 4388.599 4423.354 4355.654 4690.402 5315.46 4247.933 5432.932 6221.501 4215.648 3515.43 3515.43 3325.311 3084 3324.578 3399.97 3187.618 2990.156 2979.551 2979.551 2904.998 2937.38 2891.632 2927.675 2929.179 2965.78 3610.318 4573.714 4573.714 3825.286 3293.72 3295.729 3592.506 8053.09 10090.53 3613.728 3558.205 3441.529 3794.832 4293.908 10228.81 4828.187 4471.805 4848.147 5222.394 6153.221 6497.596 6490.368 6814.083 7554.322 7554.322 7554.322 5018.609 5604.667 6016.588 6172.511 6231.055 6231.055 4606.218 5390.702 6877.991 6185.448 5932.644 5847.301 5834.11 4700.873 4039.492 4054.935 4877.455 5118.749 4966.542
6310.096 6072.025 4281.13 4257.251 4257.251 4282.071 4369.19 4389.573 4305.024 4283.891 3969.318 3805.637 4557.298 4538.211 4148.328 3516.211 3476.598 3113.051 3059.673 3100.294 3415.736 3415.736 3397.943 3330.655 2929.643 2501.98 2546.12 2818.355 2929.829 2929.829 3206.834 3594.21 4450.091 4574.73 3944.842 3274.951 3235.201 3296.461 3296.461 4700.972 4785.462 4158.611 4051.395 4097.11 4113.692 10545.11 6921.35 4535.808 5114.405 5332.624 5461.697 8337.87 7933.27 6815.061 7556 7556 7507.935 6199.296 6011.986 6096.592 6212.865 6233.868 6233.903 5871.272 7114.543 7893.414 7859.597 5241.109 3586.131 3776.223 4908.474 4040.389 4040.389 4656.845 5006.91 5089.863
6132.848 6030.578 4258.195 4258.195 4258.195 4258.195 4278.864 4380.896 4303.033 4248.815 3806.947 3806.481 3806.481 3806.481 3784.574 3518.084 3363.51 3068.958 3060.351 3071.335 3413.046 3416.493 3416.493 3191.742 3002.691 2829.858 2483.351 2489.473 2645.112 2852.385 2796.721 2772.435 2902.953 3060.209 2597.048 2579.768 2676.472 3370.338 3556.287 4027.184 4199.841 4613.254 4972.758 6269.191 7429.757 11146.97 9697.7 4537.055 4994.607 5333.805 5905.718 9244.619 9355.915 6055.644 6066.302 7037.716 6474.252 6002.468 6002.468 6021.068 6206.226 6215.172 6239.024 6423.984 7747.748 7895.163 5603.703 3499.587 3499.587 3556.611 4133.492 4058.825 4535.551 4697.939 4966.024 5229.356
5749.941 5465.845 4607.176 4490.536 4379.95 4357.648 4303.613 4412.657 4298.074 4295.517 4030.533 3807.32 3807.32 4211.104 5292.081 4437.699 3061.026 3061.026 3060.772 3110.258 3417.246 3411.722 3205.338 3005.221 3003.354 2836.942 2786.253 2483.898 2483.898 2733.167 2773.046 2773.046 2768.326 2607.233 2542.766 2542.766 2563.747 3540.08 3704.054 3922.468 4098.89 4567.219 4933.982 8387.189 12582.65 12582.65 12315.04 5941.415 4678.689 5334.981 6438.684 9243.688 6265.698 4918.937 3043.783 3059.9 4957.439 5875.771 6003.792 6003.792 6005.844 6204.298 6240.4 7355.003 8692.271 6993.325 4390.438 3501.368 3500.359 4491.459 5774.309 5233.964 4946.536 4886.221 5303.311 8127.659
5634.136 5374.81 4689.676 4651.217 4577.421 4561.082 4561.082 4445.736 4297.05 5357.366 6334.056 5226.226 5747.526 5920.118 5569.42 3833.75 3025.158 2973.24 2884.54 2833.571 2799.67 3101.798 3312.04 2812.521 3004.016 3004.016 2963.227 2484.446 2484.446 2490.061 2670.802 2773.658 2709.567 2543.327 2543.327 2543.327 2576.447 3624.773 3700.55 3705.434 4104.916 4201.799 4453.357 9043.823 12211.61 9655.003 10725.45 7722.729 4744.198 4903.045 4774.737 5134.612 3656.432 3045.733 3044.455 3044.455 3044.455 4391.326 4903.768 5904.71 6436.145 7081.27 7858.738 8574.662 9231.585 6291.684 5064.771 4153.019 3501.131 3727.047 5334.324 5858.477 5579.367 4925.348 6095.165 8722.806
5390.836 5178.631 4798.151 4798.151 4730.886 5547.704 5227.717 13580.51 13096.2 9888.249 6729.41 6729.41 6520.557 3549.285 2598.553 2598.553 2607.064 2598.553 2676.5 2521.071 2385.569 2385.569 2402.775 2705.729 2913.879 3003.829 2966.105 2484.991 2484.991 2500.689 2634.201 2774.267 2652.771 2553.344 2721.549 2786.321 3116.275 3671.573 3691.048 3705.684 3820.892 4168.907 4418.398 6653.882 7301.591 5253.112 3151.047 3605.571 4540.052 4524.953 4008.27 3908.694 3908.694 3205.19 3045.123 3045.123 3045.123 2800.578 3957.954 4161.821 6615.231 5513.979 7978.336 9233.611 8351.105 5346.112 5065.883 5035.548 4395.397 4196.684 5248.521 5858.247 5846.981 5823.954 6480.947 8391.509
6575.473 4786.929 4768.774 4652.808 4863.056 7156.171 15985.79 16787.35 15497.14 16174.96 7750.181 6688.333 6478.66 2902.838 2607.759 2599.122 2599.122 2599.122 2754.724 2991.666 2386.091 2386.091 2386.091 2386.091 2238.489 2365.708 3529.769 3437.027 3889.658 4629.853 4570.059 3969.867 3556.277 2663.54 2804.1 2804.1 3465.206 3672.377 3688.365 3706.495 3706.495 3978.179 4275.341 4700.703 3590.658 3151.737 3151.737 3557.898 4541.046 4541.046 4370.572 3910.96 3909.55 3781.089 3045.79 3045.79 2865.858 2081.949 3477.423 3658.218 3357.673 3357.673 3604.128 8839.753 6634.021 5707.838 5413.68 5116.848 6304.179 4743.182 4749.135 4831.144 5042.672 5459.355 5119.118 6759.684
6139.645 4781.635 4587.182 4347.256 14431.93 12388.86 16300.31 13801.51 6816.562 5990.942 5332.377 4560.051 4184.005 2986.189 2880.543 2653.361 2599.689 2806.475 4017.067 3871.435 2427.111 2386.612 2338.58 2322.732 2173.523 2351.811 2805.896 4482.242 4790.882 4790.882 4790.882 4790.882 4721.422 3140.219 2804.713 2805.962 3587.91 3673.179 3673.187 3704.471 3705.484 3712.295 3412.025 3152.425 3152.425 3152.425 3152.425 3157.594 4751.484 4989.069 5476.854 4870.408 4213.482 3292.19 3046.455 2928.507 2077.956 2029.641 3695.546 3733.822 3358.406 3358.406 3358.406 4741.834 6334.335 6334.335 6334.335 6653.065 8919.411 4968.737 4744.218 5175.138 8205.068 5124.593 5120.023 5299.554
5002.507 4780.569 4714.291 4357.721 7905.306 13718.4 9768.362 4774.625 4745.455 4733.035 4733.035 3492.064 2986.84 2986.84 3080.631 3126.129 3294.915 3988.02 4146.029 4146.029 3250.172 2260.567 2217.684 2183.476 2298.8 2506.011 2560.689 3309.466 4434.253 4440.692 4043.462 4470.092 4741.338 3974.029 2805.324 3063.556 3653.097 3420.762 1379.612 3416.981 3685.924 3654.034 3249.856 3153.112 3153.112 3183.479 4194.177 4701.839 5499.246 5508.603 5508.603 4882.867 4404.032 3005.649 3010.812 2295.326 2012.249 3448.31 4228.643 3767.1 3375.467 3359.138 3359.138 3598.005 6269.423 6335.715 7207.483 9108.215 9339.098 8150.521 5149.971 8619.332 9286.847 5375.572 5519.89 6866.623
4781.608 4781.608 4702.483 4310.613 4349.149 4378.07 4814.901 4822.501 4604.515 4564.148 4649.595 3155.409 3448.127 3134.454 3098.974 3248.989 3305.936 4036.325 4146.931 4146.931 3988.077 2257.711 2158.874 2158.874 2256.241 2529.096 2561.245 2561.245 3018.729 2808.833 2021.869 2291.925 2577.202 1791.283 1921.723 2388.883 1871.824 2227.812 1004.377 1475.9 3564.425 3421.792 3628.331 4895.89 5238.498 4827.258 5014.417 5089.892 5504.52 5509.8 5328.917 4490.532 4404.989 3155.453 2041.145 2012.686 2355.49 3161.811 4244.873 4244.873 4185.387 5285.66 5208.092 5489.638 6639.56 6334.473 8413.977 9328.193 9341.128 9372.062 9241.539 10132.42 10003.81 8190.192 8188.301 8188.301
3851.739 3998.688 4272.598 4122.314 4413.259 4741.765 4859.106 4790.521 4453.222 4431.122 4557.815 4727.229 4670.989 4637.917 3459.476 3249.694 3249.694 3495.003 4040.496 4067.828 3031.566 2159.342 2159.342 2159.342 2257.442 2546.092 2561.801 2561.801 2553.538 1776.221 1741.805 1741.805 1805.662 1738.476 916.5749 184.14 424.7364 224.2657 112.6169 1667.424 5269.441 5931.392 5790.906 6028.951 6028.951 5583.856 5015.504 5015.504 5186.891 5439.597 5900.521 4511.762 4405.944 3923.019 2947.437 2039.049 5772.174 4580.522 4723.562 6372.116 6852.295 6859.033 6758.979 6983.482 6432.723 5782.293 5764.975 6050.236 7215.68 9699.873 61856.82 142966.2 26374.22 8206.334 8190.077 8174.084
3221.573 3289.184 3895.888 4018.446 4391.018 4391.091 4811.023 4813.028 4469.239 4432.081 4651.884 4811.396 4811.396 4811.396 3920.357 3576.274 3870.441 4326.985 3562.163 2703.146 2159.841 2174.074 2255.289 2311.042 2392.217 2512.851 2552.116 2585.229 2591.75 2275.281 1742.182 1742.182 1742.182 1742.182 1454.776 798.8353 627.1484 164.4874 2936.987 7461.775 7461.775 7461.775 6808.572 6662.6 5972.564 5378.637 5016.589 5013.65 3769.563 5008.248 6648.178 7410.121 6281.13 5402.194 5570.466 3102.511 6516.393 6899.152 7108.002 7580.474 6586.239 6415.067 6249.283 6849.863 6477.508 5772.571 5760.471 6809.897 5025.595 6984.796 175739.3 221086.7 89176.2 15974.92 10003.73 8510.259
3222.268 3320.564 3945.576 3958.952 4235.559 3849.109 3919.864 3637.837 3998.033 3928.044 4582.474 4812.26 4812.434 5225.793 6015.042 6073.693 5937.307 4101.703 3608.662 2842.606 2386.751 2431.215 2458.906 2459.286 2482.682 2578.395 2600.781 2338.228 2230.433 2130.056 2495.279 2137.669 1762.61 1555.661 1742.558 1742.558 1316.766 1272.781 4036.007 6478.836 7374.206 7235.499 7463.385 7417.396 5144.087 4562.111 4200.498 3725.629 3400.434 3776.612 6276.523 7444.487 7444.487 7251.838 6333.245 4047.787 5111.917 8557.61 8954.942 10362.63 6775.019 6195.432 6195.966 6612.365 6499.545 5801.728 6533.128 13435.65 8819.999 5103.773 21634.15 101888.3 40614.28 21892.57 12244.93 10322.59
3222.96 3536.052 4096.676 3949.79 4353.009 5214.277 4428.611 3580.648 3525.548 4148.226 6452.282 4482.11 4677.965 5657.374 6074.997 6074.997 5094.432 3630.248 3609.437 3017.891 2481.271 2488.628 2504.428 2581.381 2610.767 2625.53 2446.244 648.3184 525.4152 626.0162 1309.104 2602.117 2612.551 1642.728 1394.388 1732.567 1727.674 865.0227 1534.219 2017.996 1818.09 1864.855 5302.606 4554.556 3435.554 3465.297 3410.221 3395.45 3395.45 3395.45 6287.236 7440.427 6893.794 5456.671 5249.871 5249.871 5249.871 9752.242 10417.21 10417.21 9785.108 7089.79 6421.377 6304.796 6244.917 6206.277 7294.005 14409.6 15761.47 8217.383 10270.63 9490.674 20554.46 18569.15 12471.12 10814.11
3223.652 3891.324 5050.14 4205.174 4497.195 5592.748 5592.748 4485.714 4754.948 8304.644 5029.896 4302.371 4638.146 4965.814 5183.123 5907.601 5448.277 3637.295 3610.212 3365.387 2677.444 2655.578 2652.301 2651.461 2651.461 2207.486 1155.163 488.25 488.25 488.25 488.25 884.8188 1853.794 720.8253 767.2855 821.011 1342.006 766.3369 1534.548 1534.548 1534.548 1534.548 2049.292 3436.292 3436.292 3387.614 3312.342 3292.015 3279.912 3144.42 6292.006 7429.221 4671.069 4687.534 5109.301 5238.787 5669.211 8052.688 8823.845 10419.44 9660.392 7412.01 6684.465 6368.794 6246.257 6324.322 7567.501 15123.65 15579.64 13875.41 12773.88 10649.54 11186.66 8367.17 5571.966 15138.91
3956.187 5054.312 5134.545 5112.16 5174.38 5593.943 5593.943 6312.503 8633.184 9070.44 5700.033 4330 4303.29 4303.29 4302.823 4519.992 3356.752 3515.971 3610.983 3282.631 2767.171 2656.551 2656.016 2652.052 1906.623 553.2698 488.3543 488.3543 488.3543 488.3543 488.3543 488.3543 488.3543 488.3543 488.3543 594.0746 852.4657 252.3539 1368.363 1534.876 1534.876 1534.876 2669.613 3437.026 3435.679 2129.441 1990.4 2259.141 1954.651 1849.753 3760.559 6520.81 4677.955 4781.747 4709.344 4709.408 5326.841 5959.811 6698.409 9961.185 9568.963 7578.339 6700.59 6614.237 6456.965 40200.05 39752 14111.58 12926.04 8789.721 8572.896 8621.834 8719.739 6032.341 5390.314 5622.972
