indp00ag.asc
ncols         816
nrows         816
xllcorner     65
yllcorner     5
cellsize      0.0416666666667
NODATA_value  -9999
[rows 306 to 339 of 816, columns 152 to 227 of 816]
481.0991 481.0991 481.0991 481.0991 481.0991 481.0991 525.5642 1167.805 1167.805 1167.805 1167.805 1167.805 1167.805 1167.805 1167.805 1167.805 1167.805 1168.053 1578.255 1965.881 1934.176 1746.696 1549.997 1652.896 1754.067 1670.125 1960.61 1965.881 1965.881 1965.881 1965.881 1656.783 3122.182 7752.821 7752.821 7752.821 7752.821 7752.821 7752.821 7752.821 7752.821 7752.821 7752.821 7752.821 7752.821 7752.821 7752.821 7752.821 6393.842 2934.469 2934.469 2934.469 2934.469 2934.469 2934.469 2934.469 2934.469 2934.469 2865.341 2725.647 2725.647 2725.647 2725.647 2725.647 2725.647 2725.647 2842.787 3162.863 3449.951 3644.33 3682.237 3682.237 3682.237 5737.125 2646.478 3047.823
481.2712 481.2712 481.2712 481.2712 481.2712 482.7548 864.067 1168.223 1168.223 1168.223 1168.223 1168.223 1168.223 1168.223 1168.223 1168.223 1168.223 1168.223 1171.051 1700.181 1966.584 1966.584 1966.584 1966.584 1966.584 1966.584 1966.584 1966.584 1966.584 1966.584 1966.584 1922.406 4423.431 7755.596 7542.802 7463.087 7755.596 7682.976 7451.202 7755.596 7755.596 7755.596 7755.596 7755.596 7755.596 7755.596 7755.596 7755.596 6273.497 2824.108 2935.519 2935.519 2935.519 2935.519 2935.519 2935.519 2935.519 2935.519 2909.237 2735.335 2726.622 2726.622 2726.622 2726.622 2793.159 3173.05 3615.219 3683.554 3683.554 3683.554 4398.999 6108.08 7218.134 6152.802 3273.117 4049.683
481.4434 481.4434 481.4434 481.4434 622.3318 976.5462 1168.641 1168.641 1168.641 1168.641 1168.641 1168.641 1168.641 1168.641 1168.641 1168.641 1168.641 1199.576 1746.595 1673.652 1911.122 1967.288 1967.288 1967.288 1967.288 1967.288 1967.288 1967.288 1967.288 1967.288 1967.288 1967.288 3734.663 6134.28 3014.381 2917.245 3713.385 3559.278 2840.132 6840.645 7758.37 7673.828 6214.059 6445.986 7758.37 7758.37 7758.37 7758.37 5797.942 1875.797 2902.096 2936.569 2936.569 2875.783 2238.614 2673.288 2936.569 2935.19 2925.713 2766.646 2727.597 2727.597 2727.597 2789.796 3406.45 3684.872 3684.872 3684.872 3684.872 3684.872 4060.224 6833.939 7560.031 6081.042 4051.132 4051.132
481.615 481.615 481.615 552.6207 1054.105 1169.057 1169.057 1169.057 1169.057 1169.057 1169.057 1169.057 1169.057 1169.057 1169.057 1169.057 1169.057 1174.834 1483.363 1847.812 1967.989 1967.989 1967.989 1967.989 1967.989 1967.989 1967.989 1967.989 1967.989 1967.989 1967.989 1967.989 2663.881 2824.125 2781.963 2781.963 2781.963 2781.963 2781.963 3166.793 3881.143 3055.579 2781.963 2869.577 6684.987 7640.245 7760.128 7761.136 5584.835 1764.722 1778.302 2346.307 2526.612 1874.685 1764.722 2476.255 2792.258 1902.936 2093.572 1992.18 2288.153 2519.289 3011.515 3485.818 3686.186 3686.186 3686.186 3686.186 3686.186 3686.186 5376.685 7380.703 7495.129 5230.785 4052.576 4052.576
481.7864 517.8521 1018.709 1156.378 1169.474 1169.474 1169.474 1169.474 1169.474 1169.474 1169.474 1169.474 1169.474 1169.474 1169.474 1169.474 1169.474 1169.474 1208.078 1513.754 1968.689 1968.689 1968.689 1968.689 1968.689 1968.689 1968.689 1968.689 1968.689 1968.689 1968.689 1968.689 2275.776 2782.953 2782.953 2782.953 2782.953 2782.953 2782.953 2782.953 2782.953 2782.953 2782.953 2696.327 2064.902 1765.35 6011.71 7734.854 5072.305 2000.127 1765.35 1765.35 1970.752 1765.35 1765.35 1955.302 1859.798 1765.35 1765.35 1765.35 1765.35 1765.35 3266.729 3687.498 3687.498 3687.498 3687.498 4967.774 5073.479 5743.353 7499.124 7017.483 4316.537 4057.106 4054.018 4054.018
584.1914 1030.013 1169.89 1169.89 1169.89 1169.89 1169.89 1169.89 1169.89 1169.89 1169.89 1169.89 1169.89 1169.89 1169.89 1169.963 1356.854 1830.266 1927.383 1969.39 1969.39 1969.39 1969.39 1969.39 1969.39 1969.39 1969.39 1969.39 1969.39 1969.39 2058.717 2347.676 2442.595 2762.017 2783.943 2783.943 2783.943 2783.943 2783.943 2783.943 2783.943 2341.031 1730.003 1279.574 1419.218 1659.549 1820.662 4305.679 1799.005 1765.978 1765.978 1765.978 1765.978 1765.978 1765.978 1765.978 1765.978 1765.978 1765.978 1765.978 1765.978 1765.978 2109.709 3550.244 3688.81 3688.81 3688.81 4060.761 7002.675 7568.109 7568.109 5964.094 3930.408 4000.542 4055.46 4055.46
909.0947 1170.304 1170.304 1170.304 1170.304 1170.304 1170.304 1170.304 1170.304 1170.304 1170.304 1170.304 1170.304 1308.771 1742.97 1916.519 1970.088 1970.088 1970.088 1970.088 1970.088 1970.088 1970.088 1970.088 1970.088 1970.088 1970.088 1970.088 1970.088 1970.088 1973.044 2328.977 2779.97 2784.93 2784.93 2784.93 2784.93 2784.93 2784.93 2783.807 2637.987 1434.043 1270.449 1270.449 1270.449 1333.076 1619.168 1762.086 1766.604 1766.604 1766.604 1766.604 1766.604 1766.604 1766.604 1766.604 1766.604 1766.604 1766.604 1766.604 1766.604 1766.604 1766.604 2025.491 3591.505 3690.117 3690.117 6038.013 7570.792 7570.792 7570.792 5014.657 3729.161 3952.165 4056.898 4056.898
2772.157 1444.149 1340.707 1170.719 1170.719 1170.719 1170.719 1170.719 1170.719 1170.719 1170.719 1170.719 1172.042 1311.578 1573.81 1834.264 1970.786 1970.786 1970.786 1970.786 1970.786 1970.786 1970.786 1970.786 1970.786 1970.786 1970.786 1970.786 1970.786 1969.149 1921.797 1817.652 2218.835 2769.633 2785.916 2785.916 2785.916 2785.916 2785.916 2067.097 1330.139 1270.898 1270.898 1270.898 1270.898 1270.898 1270.898 1411.975 1767.23 1767.23 1767.23 1767.23 1767.23 1767.23 1767.23 1767.23 1767.23 1767.23 1767.23 1767.23 1767.23 1767.23 1767.23 1767.23 2187.983 3568.515 3691.424 4922.772 7573.472 6652.15 5964.553 4432.532 3258.066 3469.027 3801.604 3880.922
3364.943 3363.699 2613.943 1199.602 1171.133 1171.133 1171.133 1171.133 1171.133 1171.133 1171.133 1182.005 1235.722 1265.405 1265.405 1277.948 1708.172 1971.483 1971.483 1971.483 1971.483 1971.483 1971.483 1971.483 1971.483 1971.483 1971.483 1971.483 1957.246 1835.474 1805.481 1805.481 1805.481 1987.702 2591.424 2786.902 2764.977 2474.775 1884.2 1353.029 1271.348 1271.348 1271.348 1271.348 1271.348 1271.348 1271.348 1283.455 1549.964 1764.156 1767.855 1767.855 1767.855 1767.855 1767.855 1767.855 1767.855 1767.855 1767.855 1767.855 1767.855 1767.855 1767.855 1767.855 1767.855 2142.722 3721.082 6865.325 7373.063 5475.73 4025.536 3430.024 3146.595 3146.595 3146.595 3370.825
3366.13 3366.13 3366.13 2398.225 1173.048 1171.546 1171.546 1171.546 1171.546 1171.546 1171.706 1221.836 1265.851 1265.851 1265.851 1265.851 1285.52 1671.226 1972.178 1972.178 1972.178 1972.178 1972.178 1972.178 1972.178 1972.178 1972.178 1972.178 1916.449 1806.117 1806.117 1806.117 1806.117 1806.117 1826.129 2187.494 1544.573 1271.797 1271.797 1271.797 1271.797 1271.797 1271.797 1271.797 1271.797 1271.797 1271.797 1271.797 1271.797 1944.678 1813.537 1768.479 1768.479 1768.479 1873.23 1866.689 1774.239 1768.479 1824.72 2350.798 1850.819 1768.479 2165.144 5489.258 4744.932 2419.978 3881.88 5018.165 3929.572 3438.476 3186.915 3147.704 3147.704 3147.704 3147.704 3367.837
3367.315 3367.315 3367.315 3367.315 2721.977 2153.24 1211.943 1171.958 1171.958 1184.437 1248.111 1266.297 1266.297 1266.297 1266.297 1266.297 1266.297 1443.545 1972.872 1972.872 1972.872 1972.872 1972.872 1972.872 1942.588 1968.726 1966.162 1815.503 1806.769 1806.753 1806.753 1806.753 1806.753 1806.753 1714.625 1601.965 1536.923 1272.244 1272.244 1272.244 1272.244 1272.244 1272.244 1272.244 1272.244 1272.244 1272.244 1299.609 2124.978 3201.57 3175.762 2413.156 2462.793 2436.177 2696.364 2721.574 2632.985 2120.347 2399.17 2721.574 2602.287 2209.725 5809.753 7581.491 7581.491 6865.323 4139.05 3748.564 3578.358 3148.812 3148.812 3148.812 3148.812 3148.812 3148.812 3366.489
3368.498 3368.498 3368.498 3368.498 3368.498 3368.498 1278.603 1172.37 1172.37 1228.979 1266.742 1266.742 1266.742 1266.742 1266.742 1266.742 1266.742 1495.48 1825.783 1973.566 1973.566 1973.566 1973.566 1951.725 1807.411 1832.68 1871.382 1807.388 1807.388 1807.388 1807.388 1807.388 1807.388 1821.764 1932.67 1720.217 1323.318 1272.691 1272.691 1272.691 1272.691 1272.691 1272.691 1272.691 1494.428 1327.095 2024.629 2869.628 3331.795 3331.795 3331.795 3177.213 2746.398 2722.53 2722.53 2722.53 2722.53 2722.53 2722.53 2722.53 2722.53 3028.005 6915.711 7584.155 6811.279 5875.851 4725.029 3749.881 3511.131 3149.919 3149.919 3149.919 3149.919 3149.919 3149.919 3245.853
3369.679 3369.679 3369.679 3369.679 3369.679 3345.901 1314.429 1241.993 1224.012 1263.024 1267.186 1267.186 1267.186 1267.186 1267.186 1267.186 1267.186 1267.186 1318.372 1974.258 1974.219 1916.626 1882.081 1871.628 1808.022 1808.022 1808.022 1808.022 1808.022 1808.022 1808.022 1808.022 1808.022 1810.462 1918.166 1942.968 1873.055 1441.143 1273.138 1273.138 1273.138 1273.138 1273.138 1528.479 3275.484 3224.257 3332.963 3332.963 3332.963 3332.963 3332.963 3332.963 3224.991 2825.676 2723.485 2723.485 2723.485 2723.485 2723.485 2723.485 2723.485 4499.494 7586.815 6721.597 3917.605 3724.005 3389.107 3291.217 3185.528 3151.023 3151.023 3151.023 3151.023 3151.023 3151.023 3216.288
3370.861 3370.861 3370.861 3370.861 3346.892 1988.143 1267.63 1267.63 1267.63 1267.63 1267.63 1267.63 1267.63 1267.63 1267.63 1267.63 1267.63 1267.63 1318.623 1852.28 1839.89 1808.656 1808.656 1808.656 1808.656 1808.656 1808.656 1808.656 1808.656 1808.656 1808.656 1808.656 1826.45 1912.214 1943.649 1943.649 1943.649 1921.102 1366.836 1273.584 1273.584 1273.584 1475.21 2438.125 3334.132 3334.132 3334.132 3334.132 3334.132 3334.132 3334.132 3334.132 3334.132 2907.124 2724.44 2724.44 2724.44 2724.44 2724.44 2724.44 2724.44 2903.465 6039.013 5363.903 3832.572 3391.841 3078.794 3066.873 3150.902 3152.128 3152.128 3152.128 3152.128 3152.128 3152.128 3163.519
3372.039 3372.039 3372.039 3255.708 1625.122 1268.073 1268.073 1268.073 1268.073 1268.073 1268.073 1268.073 1268.073 1268.073 1268.073 1268.073 1268.073 1268.073 1306.799 1694.759 1809.288 1809.288 1809.288 1809.288 1809.288 1809.288 1809.288 1809.288 1809.288 1809.288 1809.288 1809.288 1852.325 1943.934 1944.328 1944.328 1944.328 1944.328 1890.895 1389.37 1274.029 1479.061 3303.98 3335.297 3335.297 3335.297 3335.297 3335.297 3335.297 3335.297 3335.297 3335.297 3335.297 3212.695 2725.392 2725.392 2725.392 2725.392 2725.392 2725.392 3000.776 3680.022 3753.823 3651.341 3418.782 3351.089 3222.702 3048.113 3058.25 3150.048 3153.23 3153.23 3153.23 3153.23 3153.23 3153.23
3373.215 3373.215 2959.97 1854.038 1268.516 1268.516 1268.516 1268.516 1268.516 1268.516 1268.516 1268.516 1268.516 1268.516 1268.516 1268.516 1268.516 1268.516 1546.53 1809.919 1809.919 1809.919 1809.919 1809.919 1809.919 1809.919 1809.919 1809.919 1809.919 1831.312 1920.228 1906.402 1890.136 1944.327 1945.006 1945.006 1945.006 1945.006 1945.006 1903.557 2433.596 3293.494 3336.46 3336.46 3336.46 3336.46 3336.46 3336.46 3336.46 3336.46 3336.46 3336.46 3336.46 3225.735 2726.343 2726.343 2726.343 2726.343 2726.343 2743.188 3708.022 3755.133 3663.061 3368.407 3352.258 3350.382 3160.17 3049.176 3049.176 3091.308 3154.33 3154.33 3154.33 3142.492 3121.849 3152.215
3243.376 2445.938 1271.447 1268.957 1268.957 1268.957 1268.957 1268.957 1268.957 1268.957 1268.957 1268.957 1268.957 1268.957 1268.957 1268.957 1268.957 1268.957 1358.331 1810.486 1810.549 1810.549 1810.549 1810.549 1810.549 1810.549 1810.549 1810.549 1810.549 1905.377 1945.683 1945.683 1945.683 1945.683 1945.683 1945.683 1945.683 1945.683 1945.683 1945.683 2028.626 2919.746 3337.622 3337.622 3337.622 3337.622 3337.622 3337.622 3337.622 3337.622 3337.622 3337.622 3232.032 2794.991 2727.292 2727.292 2727.292 2727.292 2727.292 2732.277 3750.409 3689.757 3396.75 3353.426 3353.426 3352.107 3050.489 3050.238 3050.238 3060.794 3125.891 3155.428 3152.376 3088.546 3050.238 3110.857
1342.739 1269.398 1269.398 1269.398 1269.398 1269.398 1269.398 1269.398 1269.398 1269.398 1269.398 1269.398 1269.398 1269.398 1269.398 1269.398 1269.398 1269.398 1269.398 1610.326 1811.178 1811.178 1811.178 1811.178 1811.178 1811.178 1811.178 1844.691 1884.227 1945.545 1946.36 1946.36 1946.36 1946.36 1946.36 1946.36 1946.36 1946.36 1946.36 1946.36 1946.36 2535.267 3331.086 3338.782 3338.782 3338.782 3338.782 3338.782 3338.782 3338.782 3338.782 3822.408 3792.245 2803.651 2728.24 2728.24 2728.24 2728.24 2728.24 3054.41 3633.859 3370.816 3354.591 3354.591 3354.591 3353.049 3091.908 3051.298 3051.298 3051.298 3059.708 3156.525 3076.2 3059.991 3051.298 3061.108
1296.985 1269.839 1269.839 1269.839 1269.839 1269.839 1269.839 1269.839 1269.839 1269.839 1269.839 1269.839 1269.839 1269.839 1269.839 1269.839 1389.774 1930.762 1383.113 1598.765 1811.807 1811.807 1811.807 1811.807 1871.144 1811.807 1821.013 2741.003 2395.497 1947.036 1947.035 1947.035 1947.035 1947.035 1947.035 1947.035 1947.035 1947.035 1947.035 1947.035 1947.035 1954.654 2615.884 3137.968 3298.084 3339.94 3339.94 3339.94 3339.94 3339.94 3582.704 4399.563 4477.559 4344.295 4061.283 3877.149 2896.553 2729.186 2928.74 3731.044 3575.877 3355.755 3355.755 3355.755 3316.741 3074.216 3052.556 2997.197 2993.501 3050.988 3052.495 3064.968 3052.77 3052.356 3052.356 3052.356
1283.642 1270.278 1270.278 1270.278 1270.278 1270.278 1270.278 1270.278 1270.278 1270.278 1270.278 1270.278 1270.278 1270.278 1270.278 1394.525 2104.855 2181.364 1817.355 1757.459 1932.035 1812.471 1839.757 2107.251 3261.293 3232.705 3176.895 3286.071 3286.071 2579.972 1974.013 1947.709 1947.709 1947.709 1947.709 1947.709 1947.709 1947.709 1947.709 2024.123 2290.91 2590.346 3028.352 3028.352 3028.366 3196.764 3282.628 3341.078 3341.097 3341.097 3690.783 4479.109 4479.109 4479.109 4479.109 4479.109 3990.085 3574.508 4058.85 3760.351 3614.402 3356.917 3356.917 3356.917 3268.481 3054.519 2898.404 2886.024 2876.645 2922.997 3016.394 3053.413 3053.413 3053.413 3053.413 3053.413
1270.718 1270.718 1270.718 1270.718 1270.718 1270.718 1270.718 1270.718 1270.718 1270.718 1270.718 1270.718 1270.718 1270.718 1278.498 1824.729 2182.117 2182.117 2182.117 2182.117 2182.117 2158.932 2966.671 2850.446 3287.207 3287.207 3287.207 3287.207 3287.207 3287.207 2604.117 1949.343 1948.382 1948.382 1948.382 1948.382 1948.382 1948.382 1996.265 2074.077 2921.802 3029.399 3029.399 3029.399 3029.399 3029.399 3029.898 3197.306 3342.238 3345.735 4009.63 4480.657 4480.657 4480.657 4480.657 4480.657 4480.657 4026.098 2989.617 3721.793 3761.38 3378.074 3798.535 3556.408 3162.197 2894.578 2877.639 2877.639 2877.639 2877.639 2881.9 3037.046 3043.327 3054.468 3054.468 3054.468
1276.677 1271.156 1271.156 1271.156 1271.156 1271.156 1271.156 1271.156 1271.156 1271.156 1271.156 1271.156 1271.156 1271.156 1755.619 2182.87 2182.87 2182.87 2182.87 2182.87 2182.87 2182.87 2789.095 3288.341 3288.341 3288.341 3288.341 3288.341 3288.341 3288.341 3288.341 2676.534 1949.054 1949.054 1949.054 1949.054 1949.054 1949.054 2453.585 2647.15 2934.997 3030.444 3030.444 3030.444 3030.444 3030.444 3030.444 3030.444 3572.145 4286.136 4482.203 4482.203 4482.203 4482.203 4482.203 4482.203 4113.095 2049.179 1874.863 2073.486 2242.546 3554.495 4567.333 4395.999 3534.969 2878.632 2878.632 2878.632 2878.632 2878.632 2880.802 2938.623 3017.772 3055.522 3055.522 3056.08
1271.594 1271.594 1271.594 1271.594 1271.594 1271.594 1271.594 1271.594 1271.594 1271.594 1271.594 1271.594 1271.594 1327.922 2335.115 2250.605 2183.622 2183.622 2183.622 2183.622 2183.622 2183.622 2232.036 2635.601 3197.167 3289.473 3289.473 3289.473 3289.473 3289.473 3289.473 3238.925 2573.107 1949.726 2233.394 1962.896 1965.337 1949.726 1949.726 2405.139 3031.488 3031.488 3031.488 3031.488 3031.488 3031.488 3031.488 3031.55 3125.863 3874.107 4483.562 4483.747 4483.747 4483.747 4483.747 3905.943 2597.019 1875.509 1875.509 1875.509 1875.509 4426.129 4589.664 4589.664 3865.354 2958.362 2879.624 2888.975 3143.803 3099.442 2935.263 3238.7 3092.263 3497.447 5588.397 7760.46
1272.031 1272.031 1272.031 1272.031 1272.031 1272.031 1272.031 1272.031 1272.031 1272.031 1272.031 1272.031 1272.031 1278.746 2234.481 2504.157 2184.373 2184.373 2184.373 2184.373 2184.373 2184.373 2184.373 2184.373 2328.232 3129.039 3290.604 3290.604 3290.604 3290.604 3290.604 3290.604 2254.682 2555.242 3270.111 2483.371 2358.448 2178.599 2050.728 2453.649 3032.53 3032.53 3032.53 3032.53 3032.53 3032.53 3032.53 3049.922 3066.789 3073.153 4074.992 4485.288 4485.288 4485.288 4485.288 3170.923 1876.154 1876.154 1876.154 1876.154 1876.154 4495.943 4591.242 4591.242 4314.051 2880.613 2880.613 3088.146 3599.936 3599.936 3583.408 3599.936 3622.412 7198.748 8598.473 8598.473
1274.702 1272.467 1272.467 1272.467 1272.467 1272.467 1272.467 1272.467 1272.467 1272.467 1272.467 1272.467 1301.706 2254.571 2693.566 2498.657 2185.122 2185.122 2185.122 2185.122 2185.122 2185.122 2185.122 2193.13 2260.973 2596.555 3290.782 3291.733 3291.733 3291.733 3291.733 3291.733 3291.733 3291.733 3291.733 2591.368 2403.118 2403.118 2404.186 2814.55 3033.57 3033.57 3033.57 3033.57 3033.57 3033.57 3041.876 3067.307 3067.841 3067.841 3121.76 4242.762 4486.827 4486.827 3826.439 2109 1876.797 1876.797 1876.797 1876.797 1883.872 4421.046 4592.817 4592.817 4588.88 4224.295 3454.327 3584.268 3601.171 3601.171 3601.171 3601.171 3601.171 6130.286 8601.423 8553.639
1278.489 1272.903 1272.903 1272.903 1272.903 1272.903 1272.903 1272.903 1272.903 1272.903 1272.903 1272.903 2029.945 2694.488 2694.488 2269.667 2185.87 2185.87 2185.87 2185.87 2185.87 2185.87 2185.87 2331.946 2422.379 2422.379 2683.57 3229.78 3292.86 3292.86 3292.86 3292.86 3292.86 3292.86 3156.082 2489.829 2403.941 2403.941 2475.501 3026.437 3034.609 3034.609 3034.609 3034.609 3034.609 3041.18 3068.15 3068.892 3068.892 3068.892 3068.892 3421.333 4488.241 3990.166 2171.56 1877.44 1877.44 1877.44 1877.44 1877.44 1877.44 2985.045 4594.39 4594.39 4579.472 3962.062 3647.183 3602.405 3602.405 3602.405 3602.405 3602.405 3551.589 3717.864 6570.3 3982.478
1300.917 1299.521 1301.17 1302.366 1305.053 1309.161 1294.695 1273.338 1273.338 1273.338 1273.338 1308.458 2184.315 2695.409 2695.409 2574.738 2416.584 2260.983 2186.617 2208.637 2228.35 2203.186 2255.943 2415.453 2423.207 2423.207 2423.207 2534.317 2894.413 2941.086 3103.977 3290.614 3293.986 3160.658 2485.815 2404.763 2404.763 2404.763 2404.763 2484.084 3005.054 3005.84 2730.969 3035.646 3046.491 3068.597 3069.941 3069.941 3069.941 3069.941 3069.941 3287.466 2939.762 1878.082 1878.082 1878.082 1878.082 1878.082 1878.082 1878.082 1878.082 3094.486 5005.536 4730.958 4767.284 4897.086 4413.937 3770.773 3603.636 3603.636 3603.636 3528.971 3066.863 2919.246 2919.246 2919.236
1313.937 1313.937 1313.937 1313.937 1313.937 1313.937 1309.122 1273.776 1273.772 1273.772 1273.772 1587.283 2696.327 2696.327 2696.327 2696.327 2696.327 2621.487 2383.98 2430.823 2424.033 2424.033 2424.033 2424.033 2424.033 2424.033 2424.033 2424.033 2424.033 2424.033 2424.033 2528.093 2731.729 2592.689 2405.582 2405.582 2405.582 2405.582 2405.582 2405.582 2655.567 2697.332 2410.887 2821.381 3068.905 3070.987 3070.987 3070.987 3070.987 3070.987 2781.543 2338.108 1937.026 1878.722 1878.722 1878.722 1879.962 2919.812 4285.905 4794.033 4523.794 5106.442 5473.96 5459.712 5457.487 5473.96 5473.96 5384.44 3654.778 3604.864 3446.397 2969.926 2920.241 2920.241 2920.241 2815.997
1314.385 1314.385 1314.385 1314.385 1314.385 1314.385 1314.385 1289.477 1274.206 1309.705 2018.998 1758.471 2697.246 2697.246 2697.246 2697.246 2697.246 2697.246 2697.246 2621.823 2424.858 2424.858 2424.858 2424.858 2424.858 2424.858 2424.858 2424.858 2424.858 2424.858 2424.858 2424.815 2414.96 2406.547 2406.401 2406.401 2406.401 2406.401 2406.401 2406.401 2406.401 2406.401 2576.537 3052.099 3072.033 3072.033 3072.033 3072.033 3072.033 2774.375 1907.347 1879.362 1879.362 1879.362 1879.362 1903.301 4493.64 5475.825 5475.825 5475.825 5475.825 5475.825 5475.825 5475.825 5475.825 5475.825 5913.625 7170.339 6062.561 5750.689 4554.672 2946.11 2921.235 2921.235 2891.667 2428.829
1314.832 1314.832 1314.832 1314.832 1314.832 1314.832 1474.11 1379.888 1274.639 1574.13 2721.372 2699.553 2698.163 2698.163 2698.163 2698.163 2698.163 2698.163 2697.729 2559.846 2425.683 2425.683 2425.683 2425.683 2425.683 2425.683 2425.683 2425.683 2425.683 2425.683 2425.683 2425.635 2577.987 2448.455 2423.007 2554.921 2504.268 2485.906 2407.219 2407.219 2407.219 2471.802 3041.638 3073.077 3073.077 3073.077 3073.077 3073.077 3224.228 3341.429 2853.823 1904.736 1880 1880 1880 2355.471 4933.031 5472.151 5477.686 5367.235 5306.768 5477.686 5477.686 5477.686 5477.686 5464.568 7990 8159.286 8159.286 8159.286 7871.775 3704.229 2922.228 2922.228 2844.229 2343.787
1315.278 1594.322 1843.63 2167.703 2381.15 2030.323 2590.075 2626.063 2086.438 2566.589 2732.398 2728.994 2720.293 2707.502 2699.078 2699.078 2699.078 2699.078 2579.328 2426.506 2426.506 2426.506 2426.521 2426.506 2426.506 2426.506 2426.506 2426.506 2426.506 2426.506 2433.543 2634.881 2886.492 2743.642 2850.173 2886.493 2886.493 2789.137 2431.558 2408.036 2428.155 2754.919 3074.12 3074.12 3074.12 3074.12 3074.12 3074.12 3326.519 3923.387 3973.076 3366.699 2117.125 1880.638 1880.638 3822.155 4797.636 5045.204 5269.475 5163.002 4804.107 5039.601 4997.649 5034.728 4689.783 4807.46 4870.798 8116.997 8162.055 8040.998 5187.763 2970.975 2941.414 3351.181 3938.37 3084.406
2117.254 2671.002 2733.322 2733.322 2733.322 2733.322 2733.322 2733.322 2733.322 2733.322 2733.322 2733.322 2733.322 2730.76 2704.473 2699.991 2699.991 2699.991 2628.752 2799.889 2519.742 2574.846 3137.395 2648.031 2427.326 2427.326 2427.326 2427.326 2482.332 2608.839 2833.87 2887.469 2887.469 2887.469 2887.469 2887.469 2887.469 2887.469 2635.151 2734.477 3324.417 3075.159 3075.159 3075.159 3075.159 3075.159 3075.159 3075.159 3261.624 3921.276 3974.419 3974.419 2361.901 1881.274 2375.568 4596.978 4799.259 4799.259 4801.901 4801.306 4799.259 4799.259 4799.259 4799.259 4696.924 3722.68 3796.434 6705.376 8164.814 8088.266 6579.896 6254.306 6529.146 6579.896 6519.423 5504.346
2542.977 2734.246 2734.246 2734.246 2734.246 2734.246 2734.246 2734.246 2734.246 2734.246 2734.246 2734.246 2734.246 2734.246 2731.413 2716.447 2704.886 2826.278 3232.272 3234.376 3085.773 3141.934 3234.376 2695.016 2428.147 2428.147 2428.147 2428.147 2653.137 2888.445 2888.445 2888.445 2888.445 2888.445 2888.445 2888.445 2888.445 2888.445 3052.345 4161.361 4544.391 3975.345 3428.842 3076.199 3076.199 3076.199 3076.199 3476.823 3835.383 3975.763 3975.763 3975.763 2801.716 1881.91 3014.271 4800.881 4800.881 4800.881 4800.881 4800.881 4766.074 4780.622 4735.141 4800.881 4441.856 3721.603 3721.603 3908.95 4985.379 6022.727 6582.121 6582.121 6582.121 6582.121 6285.064 5491.508
2734.775 2735.168 2735.168 2735.168 2735.168 2735.168 2735.168 2735.168 2735.168 2735.168 2735.168 2735.168 2735.168 2735.168 2735.168 2735.168 2898.259 3235.468 3235.468 3235.468 3235.468 3235.468 3235.468 2902.381 2474.786 2428.966 2428.966 2473.543 2693.237 2889.42 2889.42 2889.42 2889.42 2889.42 2889.42 2889.42 2889.42 2889.42 4499.486 4625.673 4625.673 4625.673 4604.818 3466.2 3250.883 3077.237 2874.972 3414.186 3977.104 3977.104 3977.104 3977.104 3703.329 1989.794 4719.721 4802.501 4802.501 4802.501 4802.501 4802.501 3987.151 3780.523 3784.415 3896.436 3764.659 3722.859 3722.859 3722.859 3722.859 5286.789 5485.826 6584.342 6584.342 6212.056 5714.232 5493.361
