indp90ag.asc
ncols         816
nrows         816
xllcorner     65
yllcorner     5
cellsize      0.0416666666667
NODATA_value  -9999
[rows 374 to 407 of 816, columns 456 to 531 of 816]
1782.203 1787.988 1798.143 1798.143 1798.143 1739.446 1304.992 1251.318 1251.318 1251.318 1468.236 2014.669 2014.669 2014.679 2014.824 2014.669 3780.725 8209.186 7931.713 7908.186 7908.186 6278.721 5806.551 5079.256 5065.283 5065.283 5065.283 6277.391 7431.693 16419.01 36012.13 36263.52 36263.52 36263.52 19000.55 3506.07 3509.324 3509.324 3509.324 3509.324 3509.324 4164.346 5593.618 5593.618 5608.502 5775.155 5912.893 5912.893 5912.893 5912.893 6299.042 7686.515 7686.515 7594.126 7466.829 7809.931 9221.881 9526.808 9526.808 9526.808 7728.558 6741.049 7305.849 7713.426 7713.426 7713.426 7713.426 7713.426 7091.686 6382.774 6382.774 6414.136 7705.826 8407.636 8407.636 8407.636
1470.722 1571.016 1889.436 1829.359 1792.98 1524.07 1256.371 1251.712 1251.712 1251.712 2025.548 2409.75 2187.429 2078.87 2015.304 2015.304 2015.304 2090.816 2919.775 6552.241 7041.469 5879.809 5179.844 5172.022 5099.694 5090.986 5093.979 6893.806 7434.036 18431.43 31169.14 33523.57 30188.17 8919.938 3608.837 3499.378 3510.43 3510.43 3510.43 3510.43 3515.573 4844.486 5595.381 5595.381 5644.456 6197.213 6343.699 6382.521 6418.027 6339.579 6256.62 6798.511 6940.748 7130.67 7465.353 7469.183 7857.595 9021.342 9513.521 9486.051 6831.197 6708.889 6934.626 7509.053 7715.858 7715.858 7713.207 7475.432 6462.372 6384.786 6384.786 6384.786 6463.714 7857.051 8410.286 8410.286
1388.358 1680.602 2612.954 2577.902 2056.654 1343.705 1252.106 1252.106 1252.106 1713.289 2618.806 2751.207 2751.207 2601.219 2507.984 2502.202 2626.495 3163.238 2931.844 2023.398 3528.079 5075.206 5184.777 5184.777 5184.277 5180.383 5184.089 6254.316 7436.375 7436.375 7866.517 19382.18 18981.32 3484.498 3484.498 3489.591 3503.03 3510.651 3511.535 3679.502 5406.953 5597.142 5597.142 5597.142 7356.808 9244.347 9244.347 9244.347 9244.347 9106.283 6494.538 6383.937 6383.937 6383.937 6554.982 7007.896 7919.28 8885.698 9484.276 9211.345 6961.619 6711 6711 6883.906 7627.627 7627.421 7487.922 6387.632 6386.795 6386.795 6386.795 6386.795 6351.308 6582.917 10043.87 9840.592
1388.794 1904.371 2636.234 2636.234 2554.514 1535.076 1507.794 2146.348 2169.8 2718.356 2752.071 2752.071 2752.071 2752.071 3129.505 3686.409 3689.97 3689.97 3495.718 2820.595 2883.088 3837.102 5186.405 5186.405 5123.214 5144.893 5186.405 6488.438 6865.854 7365.904 5530.322 3485.592 3485.592 3485.592 3485.592 3485.592 3485.592 3526.241 3512.637 4126.047 4407.476 4525.092 4782.447 5382.617 8874.562 9247.249 9023.729 8768.307 8574.171 7420.508 6284.792 6385.784 6385.941 6385.941 6385.941 6495.042 7457.424 7495.424 8190.952 8074.94 6713.105 6713.107 6713.107 6715.183 6801.574 6787.237 7139.416 7060.528 6389.198 6388.801 6372.034 6361.086 6335.169 6331.637 12022.68 19346.16
1389.229 1989.344 2637.06 2554.297 2293.595 1718.632 1786.972 2536.314 2720.648 2606.344 3497.855 2857.075 2753.813 2752.933 2752.933 2881.14 3516.684 3691.127 3505.601 2883.992 2883.992 3433.136 4797.822 5188.031 4703.506 3817.785 4394.624 3163.919 2847.454 3540.996 3676.364 3486.685 3486.685 3486.685 3486.685 3486.685 4066.279 4519.826 4363.185 4394.967 4452.66 4452.66 4452.66 4452.66 8083.325 7008.119 5361.881 5002.488 5002.488 5002.488 5002.488 5202.824 6108.89 6465.315 6400.612 6387.943 7228.532 7476.221 7445.076 6057.108 5494.769 5830.967 6159.991 5698.948 5411.345 5600.602 6892.02 8062.671 6401.267 6390.803 6341.674 6333.621 6333.621 6333.621 9242.941 18398.64
1524.307 2315.554 2637.885 2475.518 1799.482 1719.17 1719.17 1943.412 1794.901 2170.703 4297.54 4366.154 3359.268 2760.761 2753.794 2904.465 3605.734 3692.281 3624.408 3052.42 2884.894 2879.598 3192.015 4113.751 3117.379 2750.759 2760.967 2761.021 2761.021 2963.402 3276.975 3469.496 3424.185 3465.437 3488.138 4142.742 4494.238 4548.302 4548.302 4528.364 4461.317 4454.053 4454.053 4454.053 4454.053 4825.755 5004.053 5004.053 5004.053 5004.053 5004.053 5004.053 5107.308 7360.1 7186.776 6354.396 6845.688 6981.455 5871.611 5322.247 5322.247 5322.247 5322.247 5322.247 5322.247 5322.247 6889.148 8117.228 7196.56 6646.079 6829.792 6418.174 6620.373 6856.803 7804.922 8711.385
1643.719 2009.287 2475.93 2638.709 2122.996 1719.706 1719.706 1719.706 1719.706 1900.787 3959.727 4636.025 4636.025 4488.562 3978.986 3414.523 3693.434 3693.434 3692.733 3144.919 2885.795 2779.774 2746.049 2746.049 2746.049 2755.831 2761.884 2761.884 2762.537 2850.222 3110.281 3181.114 3166.779 3197.776 3275.159 3912.041 4547.199 4549.722 4549.722 4549.722 4194.352 3686.416 3740.527 4455.443 4043.476 3876.324 4449.884 4095.914 4253.524 4799.035 5005.615 5050.759 7181.754 7402.981 7402.981 6632.602 6231.385 6221.055 5928.866 5331.071 5517.691 5981.299 6074.276 6048.019 6012.987 6659.708 8054.514 8119.75 8124.349 8124.349 8124.349 8004.33 8543.922 8713.132 8713.132 8713.132
1644.231 1644.231 1644.299 2216.558 2598.583 2114.972 1725.623 1720.242 1720.242 1721.59 2830.377 4637.47 4637.47 4637.47 4637.47 4612.175 3985.422 3694.585 3488.442 2886.694 2886.694 2837.255 2746.905 2746.905 2747.086 2757.558 2762.744 2762.744 2771.543 3164.746 3164.819 3164.819 3164.819 3164.819 3164.819 2875.475 2309.927 2815.733 2843.879 3832.802 3628.683 3476.444 3591.172 4260.644 3804.531 3776.941 3776.941 3776.941 3877.635 4676.454 4813.598 5486.65 7405.288 7405.288 7405.288 6988.845 6233.326 6233.326 6233.326 5776.542 6253.345 6721.811 6721.811 6721.811 6721.811 7512.698 8037.643 8047.96 8084.448 8124.968 8126.881 8126.881 8281.34 8715.606 8715.847 8715.847
1644.742 1644.742 1644.742 2181.925 2451.281 2581.176 2273.17 1755.569 2037.921 2130.281 2632.673 4638.91 4638.91 4638.91 4638.91 4638.91 4612.852 3909.579 3393.2 2887.59 2887.59 2742.542 2747.758 2747.758 2756.446 2763.602 2763.602 2763.59 2766.264 3038.7 3162.373 3165.713 3160.855 3155.724 3162.13 2993.47 2660.116 2292.395 2352.064 3325.563 3477.523 3477.523 3477.523 3651.699 3778.114 3778.114 3778.114 3778.114 4175.665 4334.494 4423.055 6670.398 7407.587 7407.587 7406.167 6461.909 6235.262 6235.262 6235.262 6339.923 6603.842 6722.666 6723.64 6723.898 6723.898 7194.357 8040.138 8040.138 8034.963 7027.206 7705.27 7839.982 7241.02 7329.677 7496.924 8452.321
1645.253 1645.253 1645.253 1821.698 2132.176 1943.558 2063.547 2119.538 1734.838 1983.327 2212.925 3798.462 4640.35 4640.35 4640.35 4640.35 4640.35 4381.08 2951.672 2852.948 2596.177 2321.348 2559.07 2756.219 2764.46 2764.46 2764.302 2762.053 2767.011 3065.501 3120.723 3152.389 3147.667 3120.049 3146.959 3166.785 2942.62 2302.231 2110.228 3104.925 3478.603 3478.603 3478.603 3492.587 3767.261 3779.287 3779.287 3779.287 4303.504 4354.404 4335.839 4560.554 6759.132 6997.74 6439.669 6188.014 6237.197 6237.197 6237.197 6237.197 6424.487 6696.531 6710.892 6725.985 6725.985 5786.67 7301.229 8042.634 7258.754 6162.445 6162.445 6795.62 6993.408 6993.408 6993.408 7532.091
1645.762 1645.762 1645.762 1647.592 1650.678 1645.762 1645.762 1645.762 1645.762 1899.331 2211.332 2275.542 2685.787 3115.302 2861.602 3249.051 3941.541 3530.614 2830.354 2830.354 2632.358 2254.504 2479.797 2755.49 2763.36 2763.337 2760.829 2760.805 2859.543 3057.832 3121.015 3131.287 3129.398 3121.015 3117.01 2597.994 2184.427 2110.881 2444.2 2895.981 3479.68 3479.68 3479.68 3479.68 3656.11 3931.091 4269.801 4469.838 4775.845 4683.614 4349.653 4337.183 4504.218 4781.916 4516.765 5360.801 5245.405 5344.632 5534.292 5572.511 6072.425 6672.673 6696.604 6709.724 6613.106 3864.405 6310.941 7739.431 6233.761 6164.354 6164.354 6624.877 7216.709 7225.219 7168.372 7312.77
1646.27 1646.27 1646.27 1646.27 1646.27 1646.27 1646.27 1646.27 1661.33 2035.402 2212.015 2212.015 1997.285 1822.23 1822.23 1822.23 1822.23 2325.135 2831.227 2831.227 2624.582 2255.2 2255.2 2318.212 2718.871 2761.657 2761.657 2761.657 2770.059 2914.362 3088.115 3121.979 3121.979 2634.16 2431.366 2113.138 2111.533 2116.607 3232.189 3435.819 3046.963 2597.585 2796.14 3386.698 3486.985 4523.757 4805.346 4805.346 4805.346 4805.346 4666.802 4465.439 4338.521 4338.521 4748.912 4908.012 4908.012 4908.012 4908.012 5106.376 5217.132 6636.791 6698.216 6698.216 5593.268 3551.267 3727.106 5147.718 6136.521 6166.257 6318.837 7176.85 7412.808 7412.808 7412.808 7313.926
1794.784 1646.778 1646.778 1646.778 1646.778 1646.778 1646.778 1646.778 2149.342 2212.698 2196.344 2064.812 1931.063 1822.793 1822.793 1822.793 1822.793 1940.051 2784.864 2832.101 2475.875 2255.896 2255.896 2454.403 2757.041 2762.509 2762.509 2762.509 2762.509 2919.611 3122.942 3123.375 3125.035 2433.673 2112.185 2112.185 2112.185 2119.387 2442.956 1991.474 1926.277 1926.277 1926.277 2096.055 2949.158 4561.887 4806.829 4806.829 4822.769 5472.079 6354.674 4992.052 4618.301 4451.392 4795.5 4909.526 4909.526 4909.526 4909.526 5087.811 5456.188 6689.43 6111.032 6699.002 5236.142 3552.363 3552.363 3552.363 3751.379 5436.93 7166.917 7552.161 7477.746 7415.096 7415.096 7415.096
2266.107 1809.781 1653.909 1692.536 2013.689 1981.98 1815.353 1789.243 2213.365 2213.378 2169.274 1843.914 1823.353 1823.353 1823.353 1823.353 1823.353 2356.352 2832.972 2832.972 2464.93 2256.589 2256.589 2492.364 2611.297 2600.119 2509.809 2731.686 2728.598 2720.942 2205.118 1719.64 3152.305 2530.95 2135.257 2112.834 2111.233 2022.16 1926.87 2123.018 1926.87 1926.87 1926.87 1926.87 3609.287 7060.002 9927.524 9562.334 10932.26 11335.57 11335.57 6509.586 4808.307 9512.285 18151.47 6757.984 4911.036 4911.036 4911.036 5237.581 5304.627 5551.519 5339.206 5427.489 4517.438 3553.456 3553.456 3555.4 3598.13 5804.746 7131.166 7633.703 7579.362 7418.721 7417.375 7098.23
2267.224 2139.816 2088.7 1997.129 2200.786 2267.224 2242.037 2192.882 2214.057 2214.057 2395.551 2515.375 1855.075 1829.099 1823.913 1823.913 1823.913 2361.342 2833.841 2833.841 2548.359 2257.282 2257.282 2259.95 2238.02 2231.593 2231.593 2150.521 1529.933 1515.816 1515.089 1826.618 2778.873 3178.942 3135.809 2332.665 2387.733 4197.644 5277.648 5215.825 3092.029 1928.165 1927.461 1934.787 4128.064 4643.16 6024.655 8708.743 10029.84 11339.05 11339.05 16299.56 44925.13 42506.72 45936.48 43120.15 29008.04 18849.86 10013.57 5278.737 5300.287 5300.287 4923.116 3727.574 3554.546 3554.546 3554.546 4376.802 6029.83 6569.872 6750.148 7569.398 7636.045 6764.637 5613.169 5206.473
2267.92 2267.92 2267.92 2267.92 2267.92 2273.206 2500.857 2393.988 2258.016 2396.76 2549.228 2562.306 2433.854 1917.187 1824.472 1824.472 1881.764 2109.058 2444.514 2756.394 2338.282 2245.618 2173.679 2128.17 2150.459 2219.335 2232.277 1895.672 1515.554 1515.554 1515.554 1799.955 3026.536 3179.917 3179.917 3179.917 3389.896 5066.401 5607.076 5607.076 5548.839 2416.619 1928.052 3108.453 4602.411 4604.236 4461.654 4365.087 4784.54 9572.414 11342.53 11980.45 34197.55 45950.57 45950.57 45950.57 45950.57 45950.57 44461.16 11859.83 5301.914 5378.925 6685.412 5164.514 3555.636 3555.636 3555.636 4099.824 6503.562 6571.887 6571.887 7040.434 7638.388 7140.855 5116.663 5115.229
2268.613 2268.613 2268.613 2268.613 2268.613 2278.551 2551.777 2559.219 2561.97 2563.09 2563.09 2563.09 2536.29 2174.222 2014.8 2005.125 2098.447 2203.185 2412.221 2701.462 2326.893 2097.549 2085.028 2085.028 2085.028 2190.197 2232.96 1585.451 1516.017 1516.017 1516.017 1516.017 1851.774 2596.074 3180.889 3180.889 4367.425 5608.791 5608.791 5608.791 5583.786 5036.755 3516.885 4454.944 4605.644 4545.394 4368.505 4366.422 4366.422 4377.682 8171.792 11346 12165.33 44590.5 45964.62 33522.33 28264.65 37756.92 28161.87 6168.574 5199.193 6049.562 8697.205 8687.388 6904.296 3844.857 3556.723 5696.634 6573.896 6573.896 6573.896 6661.736 7628.221 7625.278 5317.03 5116.793
2269.305 2269.305 2269.305 2269.305 2300.998 2486.624 2563.872 2563.872 2563.872 2563.872 2563.872 2563.872 2563.872 2563.872 2377.04 2203.857 2203.857 2203.857 2208.857 2223.841 2175.169 2088.775 2085.664 2085.664 2085.664 2192.256 2224.675 1575.13 1516.48 1516.48 1516.48 1516.48 1516.48 1883.651 2860.277 3020.781 3829.427 5610.501 5610.501 5610.501 5606.208 5001.062 3767.029 3268.619 2863.345 4112.237 4367.754 4370.208 4431.928 4476.847 4661.229 7129.775 24297.6 36926.47 30008.89 7557.807 4362.991 4473.032 5072.303 5072.303 5072.303 5072.303 6061.138 8038.965 8734.462 8528.469 6352.256 6690.426 6575.902 6575.902 6575.902 6579.112 6966.459 5516.198 5154.596 5118.354
2269.996 2269.996 2340.345 2388.812 2399.916 2425.868 2489.699 2564.003 2564.652 2564.652 2564.652 2564.652 2564.652 2564.652 2563.838 2212.75 2204.528 2204.528 2204.528 2204.528 2204.528 2092.217 2086.299 2086.299 2086.299 2163.693 1736.512 1533.805 1530.629 1521.478 1516.942 1516.942 1517.42 1516.942 1516.942 1519.648 2508.682 4984.693 5612.21 5612.21 4409.895 2874.554 1938.581 1938.581 1938.581 3938.85 4369.084 4449.675 4564.433 4564.433 4564.433 4564.433 5274.845 4365.592 4364.32 4364.32 4463.427 5024.079 5112.992 5073.848 5073.848 5073.848 5073.848 5540.159 8737.122 8737.122 8737.122 8671.6 7779.65 6543.562 6446.7 6049.075 5925.337 5240.378 5362.375 5453.488
2270.918 2341.134 2400.61 2400.701 2400.701 2400.701 2400.701 2531.671 2478.446 2565.429 2508.563 2565.432 2565.432 2555.694 2294.621 2189.395 2205.198 2178.081 2170.778 2108.151 2027.142 2083.787 2086.933 2086.933 2086.933 2018.773 1523.122 1559.095 1559.095 1554.01 1546.082 1547.733 1537.779 1517.403 1517.403 1517.403 1517.403 2720.046 5613.916 5613.916 4146.556 1939.17 1939.17 1940.472 3886.735 7017.856 4837.496 4556.061 4565.82 4565.82 4565.82 4470.165 4370.882 4365.646 4365.646 4365.646 4391.973 6358.027 6782.181 5772.628 5110.4 5075.39 4576.022 4784.788 7982.032 8738.54 8096.87 6135.911 6008.899 5492.815 5780.594 5241.971 5241.971 5241.971 5419.468 5518.032
2288.009 2401.429 2401.429 2401.429 2401.429 2401.429 2331.986 2205.8 2128.844 2268.267 2139.252 2182.967 2171.333 2286.803 2220.309 1988.93 1968.594 1959.172 1950.819 1950.819 1950.826 1975.768 2044.295 2087.566 2087.566 1961.164 1282.928 1464.917 1559.568 1559.568 1559.568 1559.568 1555.593 1531.919 1517.863 1525.155 1533.76 1785.226 4394.978 2840.728 1942.06 1939.758 7088.593 9036.41 10686.37 9904.957 5645.501 4567.205 4584.415 4980.479 4486.884 4368.703 4366.97 4366.97 4366.97 4366.97 4366.97 5329.921 7020.178 7020.178 5122.217 4161.326 3474.692 3530.842 4861.342 6028.44 5907.525 5280.412 5244.184 5243.561 5243.561 5243.561 5243.561 5243.561 5423.122 5519.706
2393.861 2408.598 2402.156 2402.156 2402.156 2281.953 2261.212 2123.552 2123.552 2123.552 2123.552 2123.552 2123.552 2123.552 2097.042 1952.497 1951.409 1951.409 1951.409 1951.409 1951.409 1951.409 1965.013 2069.913 2088.198 1953.692 1218.148 1302.008 1552.959 1560.04 1560.04 1560.04 1560.04 1549.347 1525.176 1554.719 1626.944 1647.705 1818.494 1935.473 1940.197 1940.136 9519.099 10689.6 10689.6 10229.15 5464.919 4568.587 5080.297 5669.724 5068.064 4368.292 4368.292 4368.292 4368.292 4362.461 3528.177 4671.51 7022.303 7022.303 6033.085 3440.109 3440.109 4383.401 5668.695 5668.695 5666.897 5613.852 5457.841 5424.132 5286.554 5241.906 5239.69 5245.147 6554.396 6168.021
2272.797 2379.923 2458.704 2402.882 2385.093 1609.226 1423.267 1801.047 2123.347 2124.194 2124.194 2124.194 2124.194 2124.194 2017.091 1951.999 1951.999 1951.999 1951.999 1951.999 1951.999 1951.999 1951.999 2036.114 2293.164 2688.703 1218.516 1218.516 1324.065 1337.754 1547.489 1560.511 1560.511 1560.511 1585.017 1776.951 1922.641 1930.725 1931.19 1918.675 1879.448 1847.507 3609.809 7019.56 10185.3 8974.229 6045.139 5157.62 5636.476 5671.437 5611.078 5244.358 5051.792 4783.007 4366.005 3702.916 2705.225 3437.844 6863.083 7024.425 6356.243 3441.148 3441.148 5168.547 5670.408 5662.84 5647.808 5628.059 5628.059 5628.059 5468.606 5151.939 5141.384 5231.611 7685.922 7924.47
2273.434 2406.053 2518.034 2404.819 1582.686 1288.307 1288.307 1288.307 1500.105 1927.203 2124.834 2126.963 2311.319 2496.676 2472.341 2277.294 2104.07 2103.44 2889.746 2948.261 2817.159 2292.048 2916.687 3188.457 3455.357 3067.849 1218.883 1218.883 1218.883 1218.883 1452.248 1560.982 1560.982 1560.982 1568.582 1823.355 1941.516 1930.511 1840.421 1840.464 1840.421 1840.812 2935.879 3133.344 4557.931 7133.742 7109.345 6878.796 5066.873 5673.147 5673.147 5673.147 5673.147 5213.962 4044.788 3225.636 2703.943 2703.943 2743.125 3631.012 5875.283 3442.186 3442.186 5189.409 5672.117 5667.558 5640.454 5631.662 5629.756 5629.756 5373.094 5138.814 5138.814 5146.06 6605.745 7977.304
2294.938 2512.656 2529.198 2208.43 1419.222 1288.694 1288.694 1288.694 1288.694 1290.764 1630.798 2951.197 3456.395 3456.395 3456.395 3456.395 3456.395 3456.395 3456.395 3456.395 3456.395 3447.567 3446.348 3456.395 3456.395 3041.175 1219.25 1219.25 1219.25 1219.25 1240.753 1343.594 1561.451 1561.451 1564.881 1763.154 1908.748 1864.13 1840.974 1840.974 1840.974 2134.787 3134.286 3086.521 2520.867 2541.563 4474.59 4606.892 3143.236 5674.851 5674.851 5674.851 5633.335 4383.221 4013.105 3976.914 2918.281 2704.755 2704.755 2704.755 3142.104 3443.219 3443.219 5211.797 5673.833 6369.71 6498.383 5745.061 5634.867 5600.62 5182.134 5140.358 5140.358 5140.358 5417.7 6048.674
2516.174 2529.958 2529.958 2529.958 3210.532 4319.579 2626.944 1701.56 1832.068 1784.004 3149.302 3462.101 3457.433 3457.433 3457.433 3457.433 3204.181 3274.498 3089.961 3224.889 3446.841 3097.49 3332.192 3457.433 3457.433 3329.25 1772.375 1219.616 1219.616 1219.616 1219.616 1221.152 1342.421 1526.391 1736.677 1841.527 1841.527 1892.527 2090.692 1841.527 2079.88 2958.961 3005.454 2305.865 2161.708 2161.708 2161.708 2161.708 3837.512 5676.556 5676.556 5676.556 4451.153 4014.31 4014.31 4014.31 3817.559 3072.446 2705.567 2754.669 3051.381 3444.913 3706.183 6311.311 6897.511 7149.491 7151.022 6542.556 5633.19 5615.808 5167.882 5141.902 5141.902 5141.902 5141.902 5141.902
2530.715 2530.715 2530.715 2839.758 4352.988 4512.559 4471.013 3953.717 3518.018 3518.018 3518.018 3500.159 3463.446 3480.357 3475.919 3458.468 2757.751 2591.362 2575.527 2594.731 2660.692 2660.443 3281.132 3637.832 15081.07 15760.8 12914.4 1291.814 1219.981 1219.981 1219.981 1219.981 1219.981 1448.832 1842.078 1842.078 1843.247 2378.455 3429.895 3098.259 3136.153 3136.165 2926.582 2225.368 2162.355 2162.355 2162.355 2162.355 2768.976 5279.711 4702.317 4418.602 4181.181 4015.511 4015.511 4015.511 4015.511 3812.194 3244.359 3269.953 3481.532 3522.586 5810.047 7033.065 7153.162 7153.162 7153.162 7091.98 6027.577 5426.887 5140.67 5143.44 5143.44 5143.44 5143.44 6189.337
2531.472 2581.444 2577.119 2889.08 4513.909 4274.867 3630.46 3519.07 3519.07 3519.07 3519.07 3518.845 3512.939 3519.07 3518.411 3385.91 2588.488 2576.297 2576.297 5506.135 7997.617 7162.069 9977.124 17704.71 21156.26 18530.72 3278.879 1220.345 1220.345 1220.345 1220.345 1220.345 1220.345 1532.343 2256.149 3072.548 3151.274 3430.921 3476.386 3431.375 3137.103 3137.103 3137.103 2877.645 2163.842 2163.002 2177.123 2163.002 4997.725 5679.953 5078.339 4016.713 4016.713 4016.713 4016.713 4016.713 4016.713 3799.817 3482.573 3482.573 3482.573 3482.573 3482.573 4349.164 6320.695 7155.302 7072.927 5749.957 6178.463 4372.716 3899.083 4751.289 4500.442 5144.103 5595.175 6873.948
2532.226 2810.794 3606.536 4269.26 4504.185 3700.073 3520.119 3520.119 3520.119 3520.119 3520.119 3520.119 3520.119 3520.119 3520.119 3417.745 2651.974 2577.065 3247.398 20548.16 21162.57 21162.57 21162.57 21162.57 21162.57 15745.91 1220.709 1220.709 1220.709 1220.709 1220.709 1387.604 2832.328 3429.696 3431.453 3431.943 3431.943 3445.197 3546.034 3593.794 3434.094 3245.649 3194.922 3101.199 2944.184 2843.493 2979.429 2812.581 4768.091 5681.646 4866.755 4017.91 4017.91 4017.91 4017.91 4017.91 4017.91 4017.072 3749.665 3483.611 3483.611 3483.611 3483.611 3483.611 4018.004 6031.994 4954.707 3500.444 3500.444 3500.444 3500.444 3500.444 4055.381 6868.482 6950.939 6957.743
3083.333 3279.174 4222.92 4516.599 3974.264 3521.168 3521.168 3521.168 3521.168 3521.168 3521.168 3503.415 3521.168 3521.168 3521.168 3521.168 3322.474 3014.616 2577.833 14168.64 21168.87 21168.87 21168.87 21168.87 21113.85 4413.182 1221.073 1221.073 1221.073 1221.073 1221.073 1402.505 3164.808 3432.966 3432.966 3432.966 3437.842 3579.538 3614.907 3614.907 3614.907 3611.605 3111.315 3012.757 3008.095 3008.095 3008.095 3008.095 3600.995 4918.613 4243.477 4019.107 4019.107 4019.107 4019.107 4019.107 4019.107 4019.107 3963.244 3487.978 3484.649 3484.649 3484.649 3484.649 3484.649 3500.792 3501.487 3501.487 3501.487 3501.487 3501.487 3598.376 6001.916 6959.816 6959.816 6959.816
4517.94 4517.304 4517.94 4517.94 3780.475 3522.213 3522.213 3522.213 3522.212 3320.843 2598.223 2568.965 3522.213 3522.213 3522.213 3522.213 3522.213 3050.078 2578.598 2918.395 14777.87 21175.15 21175.15 21175.15 12784.85 1221.435 1221.435 1221.435 1221.435 1221.435 1221.435 1911.158 3433.985 3775.113 3611.983 3434.378 3506.639 3615.98 3615.98 3615.98 3603.199 3195.939 2987.472 2942.543 2980.315 3008.988 3008.988 2991.615 3831.591 4020.3 4020.3 4020.3 4020.3 4020.3 4020.3 4020.3 4020.3 3908.914 3660.928 3485.684 3485.684 3485.684 3485.684 3485.684 3485.753 3493.82 3492.743 3502.219 3502.527 3502.527 3502.527 3912.259 4714.734 5739.544 6905.053 7050.8
4108.106 4519.281 4519.281 4519.281 3782.267 3523.258 3465.774 2984.754 2632.309 2252.255 2252.255 2254.152 3380.651 3523.258 3523.258 3523.258 3303.056 2590.533 2579.363 2579.363 8479.296 9695.146 7755.083 13803.83 3254.31 1285.018 1289.523 1221.798 1221.798 1279.906 3176.912 3707.565 3868.998 3913.095 3920.406 3864.163 3694.161 3699.796 3662.146 3959.836 3687.461 3563.756 2953.224 3397.63 2986.949 2977.298 2942.822 2888.999 3683.17 4021.493 3954.626 3699.218 4021.493 4021.493 3935.38 3877.427 3606.814 3517.124 3486.718 3486.718 3486.718 3486.718 3486.718 3486.718 3486.718 3486.718 3486.718 3492.854 3497.791 3499.304 3556.543 4354.095 4459.64 4459.64 5092.758 7485.286
3495.314 4520.617 4520.617 4520.617 4176.321 3860.725 3410.407 2252.921 2252.921 2252.921 2252.921 2252.921 3080.982 3524.3 3524.3 3524.3 3059.581 2580.126 2580.126 2580.126 2579.886 1938.323 1511.158 1398.519 1380.396 1511.158 1506.752 1335.172 1235.589 1883.493 3705.955 3921.565 3921.565 3921.565 3921.565 3921.565 3921.565 4611.057 5339.608 5349.583 4518.963 3748.337 3723.452 3256.434 2981.895 2880.551 2880.551 2663.483 3126.512 3628.645 2533.729 2825.221 4021.999 3748.403 3479.448 3533.411 3487.749 3487.749 3487.749 3487.749 3487.749 3487.749 3487.749 3487.749 3487.749 3487.749 3487.749 3487.749 3487.749 3487.749 3489.847 4091.993 4460.958 4460.958 4460.958 5523.909
2218.268 4382.981 4521.951 4521.951 4521.951 4521.951 3829.859 3242.202 3342.769 2466.049 2253.586 2253.586 2459.016 2939.789 2966.875 3135.262 2938.939 2382.618 2387.086 2391.59 2179.493 1511.604 1511.604 1511.604 1511.604 1511.604 1511.604 1505.737 1478.829 3093.683 3893.685 3922.722 3922.722 3922.722 3922.722 3922.722 3922.722 4338.03 5357.335 5257.54 3994.7 3879.51 3586.547 2913.927 2881.401 2881.401 3151.812 3355.133 2259.385 2181.806 2085.743 2985.901 3228.019 2130.863 2852.247 3488.778 3488.778 3488.778 3488.778 3488.778 3488.778 3488.778 3488.778 3488.778 3488.778 3488.778 3488.778 3488.778 3488.778 3488.778 3488.778 3582.503 4449.277 4462.275 4462.275 4462.275
