indp95g.asc
ncols         816
nrows         816
xllcorner     65
yllcorner     5
cellsize      0.0416666666667
NODATA_value  -9999
[rows 374 to 407 of 816, columns 228 to 303 of 816]
6465.722 2607.076 2607.076 2732.469 3065.451 3065.451 3065.451 3065.451 3065.451 3065.451 3070.436 6661.492 6906.216 6906.216 6906.216 5751.58 3988.532 3927.845 3927.845 3927.845 4230.826 6745.305 6798.579 6798.579 6798.579 6052.95 2356.948 2356.948 2356.948 2414.015 2385.753 2356.948 2356.948 2356.952 3158.267 3616.87 3616.87 3616.87 3616.87 3616.87 3616.87 4046.325 4118.184 4118.184 4118.184 4118.184 4118.184 4274.247 4656.507 4613.136 3712.004 3589.453 3589.453 3589.453 3589.453 3674.576 3676.047 3676.047 3676.047 3718.378 4295.502 4526.338 4526.338 4526.338 4526.338 5070.895 9971.262 17684.99 18168.76 18168.76 18168.76 18008.56 12587.62 11420.46 2189.24 2189.24
3964.027 2607.898 2607.898 2608.067 2809.747 2776.432 2907.871 2887.792 2782.197 2851.869 3161.347 6900.457 6908.393 6908.393 6908.393 6908.393 5547.666 3931.707 3929.083 3929.083 3929.083 5173.568 6800.722 6800.722 6800.722 5341.471 2357.691 2357.691 2357.691 2357.691 2357.691 2357.691 2357.691 2357.691 2407.247 3431.189 3618.01 3618.01 3618.01 3618.01 3618.01 3787.941 4119.482 4119.482 4119.482 4119.482 4119.482 4317.512 4573.451 3833.638 3590.584 3590.584 3590.584 3590.584 3590.877 3677.102 3677.206 3677.206 3677.206 3745.536 4424.353 4527.765 4527.765 4527.765 7385.368 10332.4 17352.82 18174.48 18174.48 18174.48 18174.48 18174.48 18174.48 15112.81 4911.463 2189.93
5002.039 2617.029 2608.719 2608.719 2608.719 2608.719 2608.719 2608.719 2608.719 2608.719 4861.105 6910.567 6910.567 6910.567 6910.567 6910.567 6895.861 5069.832 4090.306 3930.32 3930.32 4025.119 6445.08 6802.862 6192.632 3231.134 2358.472 2358.433 2358.433 2358.433 2358.433 2358.433 2358.433 2358.433 2808.167 2795.942 3619.149 3619.149 3619.149 3619.149 3761.417 4104.529 4120.778 4120.778 4120.778 4120.778 4120.546 4241.997 3746.982 3591.714 3591.714 3591.714 3591.714 3591.714 3625.326 3678.249 3678.363 3678.363 3678.363 3849.236 4529.189 4529.189 4529.189 4572.006 15257.74 17702.4 18180.2 18180.2 18180.2 18180.2 18180.2 18180.2 18180.2 18180.2 16327.76 2832.65
6265.464 4510.138 4069.812 3302.365 3089.073 2609.538 2609.538 2609.538 2609.538 2609.538 4225.452 6515.242 6912.737 6912.737 6912.737 6912.737 6912.737 6912.737 5794.571 4912.095 3842.793 3931.554 3597.333 3868.037 3573.649 3344.74 2702.944 2359.174 2359.174 2359.174 2471.37 2359.174 2359.174 2359.174 4861.403 5731.538 3620.285 3620.285 3620.285 3734.518 3913.078 4122.072 4122.072 4122.072 4122.072 4055.659 3605.307 3593.34 3592.842 3592.842 3592.842 3592.842 3592.842 3592.842 3648.72 3679.518 3679.518 3679.518 3679.518 3865.378 4530.611 4530.611 4530.611 4530.611 4530.611 15335.68 18185.91 18185.91 18185.91 18185.91 18185.91 18185.91 18185.91 18185.91 15850.4 2191.307
4820.792 4820.792 4820.792 4820.792 4353.987 3524.693 3065.833 2610.356 2610.356 2610.356 3099.759 5459.866 6914.903 6914.903 6914.903 6914.903 6914.903 6350.716 4660.694 3345.788 3351.7 3461.658 3349.615 3345.788 3345.788 3345.788 3153.146 2936.823 5807.75 9850.44 12177.29 10303.92 6127.37 4244.946 6105.358 6409.413 3985.369 3496.16 3390.29 3912.516 4096.083 4123.362 4035.036 3885.845 3899.978 3650.899 3593.968 3593.968 3593.968 3593.968 3593.968 3593.968 3593.968 3593.968 3650.096 3680.671 3680.671 3682.081 3889.275 4392.315 4532.031 4532.031 4532.031 4532.031 7082.439 16856.26 18191.61 18191.61 18191.61 18191.61 18191.61 18191.61 18191.61 18191.61 14244.62 2136.742
4822.3 4822.3 4816.41 4189.614 4152.982 3974.839 3249.895 2611.172 2611.172 2611.172 5613.333 6917.066 6917.066 6917.066 6917.066 6917.066 6746.795 3822.038 3372.346 3346.834 3346.834 3346.834 3346.834 3346.834 3346.834 3346.834 6298.714 12157.96 12257.76 12257.76 12257.76 12257.76 12257.76 12257.76 12257.76 7189.581 5615.335 3465.161 3441.907 3311.822 3227.243 3220.459 3142.81 3142.81 3142.81 3312.1 4474.58 4228.941 3767.065 3595.092 3595.092 3435.137 3454.188 3591.94 3656.957 3681.823 3681.823 3728.906 4533.449 4533.449 4533.449 4533.449 4533.449 4533.449 5709.935 9826.874 18197.3 18197.3 18197.3 18197.3 18197.3 18197.3 18197.3 17260.68 5167.064 2048.803
4732.127 4586.938 3950.491 3803.873 3803.873 3803.873 3112.297 2779.506 2844.352 2913.708 4478.673 6110.07 6919.226 6919.226 6919.226 6919.226 6919.226 5196.229 3357.554 3395.688 3397.066 3347.879 3347.879 3347.879 3347.879 3347.879 3805.344 11259.3 12261.58 12261.58 12261.58 12261.58 12261.58 12261.58 12014.6 7062.54 6665.795 3691.395 3189.475 3143.791 3143.791 3143.791 3143.791 3143.791 3143.791 3143.791 4740.949 5440.578 5192.105 3625.269 3581.368 3214.665 3088.833 3424.01 3279.53 3586.386 3682.972 3180.041 2124.622 2136.163 2438.332 2812.03 3380.385 3727.598 4533.711 9597.625 18202.98 18202.98 18202.98 18202.98 18202.98 18202.98 18202.98 14905.42 4088.983 2049.443
4093.935 3805.059 3805.059 3805.059 3805.059 3805.059 3712.55 3547.625 3547.625 3547.625 3547.625 3866.591 4209.474 5095.557 4937.362 5859.579 6661.71 5226.986 3473.662 3421.4 3369.666 3348.923 3348.923 3348.923 3348.923 3348.923 3348.923 10961.26 12265.41 12265.41 12265.41 12265.41 12265.41 12265.41 10863.22 7890.195 6998.021 4977.222 3371.359 3144.771 3144.771 3144.771 3144.771 3144.771 3144.771 4363.365 5442.273 5442.273 4401.511 3409.258 3146.914 3089.796 3089.796 3089.796 3089.796 3149.268 3470.658 3094.005 1795.337 1695.35 1695.35 1695.35 1695.35 1695.35 3077.639 4611.713 9914.214 18208.66 18208.66 18208.66 16944.43 9894.631 8500.689 5775.32 2050.081 2050.081
3806.24 3806.24 3806.24 3806.24 3806.24 3700.086 3557.061 3548.727 3548.727 3548.727 3548.727 3548.727 3487.802 3484.317 3484.317 3484.317 3566.558 3648.123 3484.317 3438.94 3349.962 3349.962 3349.962 3349.962 3311.293 3052.637 2934.871 10954.34 12269.21 12269.21 12269.21 12269.21 12269.21 12269.21 12269.21 9989.602 7000.194 6083.644 4177.217 3463.601 3145.747 3145.747 3145.747 3145.747 3602.109 5312.806 5439.861 4197.168 4091.852 3090.755 3090.755 3090.755 3090.755 3090.755 3090.755 3090.755 3090.755 3090.755 2367.721 1695.876 1695.876 1695.876 1695.876 1695.876 1834.816 4245.385 4608.021 5751.445 9097.646 10526.72 2991.181 2050.718 2050.718 2050.718 2050.718 2050.718
3844.553 3820.8 3845.041 3971.178 3813.568 3666.39 3549.829 3549.829 3549.829 3549.829 3549.829 3549.829 3487.617 3485.398 3485.398 3485.398 3485.398 3485.398 3485.398 3413.366 3351.002 3351.002 3338.373 3326.332 3036.014 2909.992 2909.992 11194.67 11104.15 8717.651 6338.899 6263.179 7082.979 8657.977 9638.893 8105.766 7002.367 6975.39 6490.085 6637.505 4618.462 4228.583 3626.404 3636.438 4573.88 5445.653 5432.242 3438.211 3091.714 3091.714 3091.714 3091.714 3091.714 3091.714 3091.714 3091.714 3091.714 3091.714 2417.009 1696.402 1696.402 1696.402 1696.402 1696.402 1696.402 2433.099 4099.303 4539.095 3481.355 2097.748 2051.354 2051.354 2051.354 2051.354 2051.354 2051.354
4598.358 4536.112 4558.667 4600.782 4575.289 3953.837 3550.928 3550.928 3550.928 3550.928 3550.928 3550.928 3125.675 3137.54 3035.335 3256.163 3486.478 3486.478 3486.478 3417.527 3352.04 3352.04 3345.768 3162.705 2923.717 2910.893 2910.893 3071.238 3071.371 3738.254 4014.858 4014.858 4014.858 4213.289 6242.164 7004.536 7004.536 7004.536 7004.536 7004.536 7002.263 6553.767 5576.296 5447.34 5447.34 5447.34 4834.897 3092.672 3092.672 3092.672 3092.672 3092.672 3092.672 3092.672 3092.672 3092.672 3092.672 3092.672 2879.483 1725.242 1696.928 1696.928 1696.928 1696.928 1696.928 1696.928 1703.266 2062.206 2275.302 2018.963 2003.794 2051.99 2051.99 2051.99 2051.99 2051.99
4602.202 4601.781 4572.486 4574.229 4494.747 3742.471 3552.024 3552.024 3552.024 3552.024 3552.024 3550.715 2900.321 2898.202 2898.202 3126.403 3487.554 3487.554 3465.319 3373.431 3353.075 3353.075 3338.566 3038.541 2911.792 2911.792 2911.792 2911.792 2911.792 3245.852 4016.097 4016.097 4016.097 4016.097 4131.04 6365.081 7006.698 7006.698 7006.698 7006.698 7006.698 7006.698 5669.413 5449.022 5433.659 5393.488 5341.905 3093.627 3093.627 3093.627 3093.627 3093.627 3093.627 3093.627 3093.627 3093.627 3093.627 3093.627 2268.457 1697.452 1697.452 1697.452 1697.452 1697.452 1697.452 1697.452 1697.452 1697.452 1697.452 1697.452 1709.852 2026.849 2052.623 2052.623 2052.623 2052.623
4587.345 4554.764 4484.509 4484.674 4504.538 4160.395 4081.093 3665.781 3553.121 3553.121 3553.121 3206.804 2899.325 2899.096 2899.096 3138.987 3488.63 3488.63 3488.63 3381.558 3354.11 3354.11 3046.792 2912.69 2912.69 2912.69 2912.69 2912.69 2912.69 2939.989 3972.025 4017.336 4017.336 4017.336 4017.336 4911.01 6948.384 7008.86 7008.86 7008.86 7008.86 7008.86 3324.325 2943.129 2564.085 2800.136 3120.208 2661.438 3058.641 3094.582 3094.582 3094.582 3094.582 3094.582 3094.582 3094.582 3094.582 3094.582 2937.44 1710.008 1697.976 1697.976 1697.976 1697.976 1697.976 1697.976 1891.549 2083.665 1717.734 1697.976 1864.083 2353.351 2117.766 2080.052 2053.257 2053.257
4485.888 4485.888 4485.888 4485.888 4485.888 4485.888 4485.888 4244.068 3736.163 3558.135 3477.391 2988.428 2899.988 2899.988 2899.988 3151.441 3489.703 3489.703 3489.703 3429.887 3385.128 3467.433 3027.656 2913.586 2913.586 2913.586 2913.586 2913.586 2913.586 2913.586 3807.958 4018.572 4018.572 4018.572 4018.572 4018.572 5099.222 6992.81 7011.016 7011.016 7011.016 6656.153 2344.962 2036.476 2036.476 2036.476 2036.476 2036.476 2501.96 3095.533 3095.533 3095.533 3095.533 3095.533 3095.533 2919.05 2562.689 2389.688 3236.684 2638.637 1863.285 1698.498 1698.498 1698.498 1698.498 1871.625 2425.132 2482.723 1842.298 1767.861 2274.604 2355.909 2173.71 2136.814 2152.372 2091.891
4487.264 4487.264 4487.264 4487.264 4487.264 4487.264 4487.264 4468.248 4487.17 4081.722 3077.029 2900.878 2900.878 2900.878 3015.844 3348.997 3490.774 3490.774 3490.774 3483.237 3495.492 3897.447 3135.077 2914.48 2914.48 2914.48 2914.48 2914.48 2914.48 2914.48 3809.476 4019.805 4019.805 4019.805 4019.805 4019.805 4019.805 5406.719 7013.167 7013.167 6581.653 2675.969 2037.101 2037.101 2037.101 2037.101 2037.101 2037.101 2343.465 3096.483 3096.483 3080.317 3071.304 2634.492 2723.511 2061.151 1959.766 2805.607 3367.39 3425.233 2043.005 2054.662 2321.421 2292.827 2375.435 2481.89 2484.409 2484.409 2484.409 2483.861 2395.586 2181.71 2174.378 2174.378 2174.378 2174.378
4488.641 4488.641 4488.641 4488.641 4488.641 4436.963 3920.678 3542.337 3436.692 3365.637 2901.823 2901.768 2901.768 2901.768 2949.075 3273.879 3491.845 3667.906 3850.328 3735.256 3695.777 4064.114 3905.875 3097.663 2915.374 2915.374 2915.374 2915.374 2915.374 3083.452 15434.89 8698.332 4082.349 4021.038 4021.038 4021.038 7000.684 13663.27 11669.04 7015.319 6928.583 3080.572 2037.726 2037.726 2037.726 2037.726 2037.726 2037.726 2066.869 2237.9 2832.329 2218.406 2551.055 2256.467 1960.367 1960.367 1960.367 3219.302 3426.284 3426.284 3152.028 2485.171 2485.171 2485.171 2485.171 2485.171 2485.171 2485.171 2485.171 2485.171 2396.816 2179.982 2175.045 2175.045 2175.045 2175.045
4004.3 4171.814 4112.215 4490.013 4490.013 4280.577 2902.655 2902.655 2902.655 2902.655 2902.655 2902.655 2902.655 2902.655 2902.655 3041.273 3471.282 3901.519 4067.992 4067.992 4067.992 4067.992 4067.992 3636.369 2916.265 2916.265 2916.265 2916.265 2916.265 12181.41 45790.16 45790.16 41519.27 35574.82 31006.25 15308.53 44914.96 45790.16 23683.49 7017.463 6172.867 2038.349 2038.349 2038.349 2038.349 2038.349 2038.349 2038.349 2012.895 1974.636 1966.593 1960.966 1960.966 1960.966 1960.966 1960.966 2417.734 3401.11 3427.332 3427.332 3208.114 2489.986 2485.931 2485.931 2485.931 2485.931 2485.931 2485.931 2485.931 2485.931 2349.525 2176.418 2175.71 2175.71 2529.109 3640.941
3368.416 3368.416 3545.975 4491.383 4491.383 4326.432 2962.473 2903.54 2903.54 2903.54 2903.54 2903.54 2903.54 2903.54 2903.54 2903.54 3937.236 4069.233 4069.233 4069.233 4069.233 4069.233 4069.233 4008.726 2950.54 2917.155 2917.155 2917.155 2917.155 20645.76 45804.13 45804.13 45804.13 45804.13 45804.13 45804.13 45804.13 45804.13 39822.42 28484.78 19232.27 2038.971 2038.971 2038.971 2038.971 2038.971 2038.971 2038.971 2024.634 1966.453 1961.564 1961.564 1961.564 1961.564 1961.564 1961.564 2536.23 3427.191 3428.377 3428.377 3428.377 2777.672 2486.689 2486.689 2486.689 2486.689 2486.689 2486.689 2486.689 2486.689 2287.892 2176.373 2176.373 2181.033 3889.232 5369.404
3369.442 3369.442 3577.674 4492.75 4492.75 4471.628 3564.33 2904.424 2904.424 2904.424 2904.424 2904.424 2904.424 2904.424 2904.424 2904.434 3951.351 4070.472 4070.472 4070.472 4070.472 4070.472 4070.472 4036.477 3217.564 3201.846 3144.337 2918.043 3027.583 28697.74 45050.45 45818.08 45818.08 45818.08 45818.08 45818.08 45818.08 45818.08 45818.08 45818.08 42114.51 12261.11 2039.592 2039.592 2039.592 2039.592 2039.592 2000.33 1971.746 1962.49 1962.162 1962.162 1962.162 1962.162 1962.162 1962.162 2419.904 3410.227 3429.421 3429.421 3429.421 3309.817 2804.26 2487.447 2487.447 2487.447 2487.447 2487.447 2487.447 2483.65 2247.036 2108.045 2230.286 4416.502 5354.748 5371.04
3370.466 3370.466 3600.834 4367.308 4074.988 3743.3 3233.864 2933.225 2905.307 2905.307 2905.307 2905.307 2930.374 2949.693 2905.307 3130.295 4045.645 4071.709 4071.709 4071.709 4071.709 4071.709 4071.709 4071.709 3997.059 4064.004 3960.104 3919.234 4122.76 4500.498 5690.575 14425.22 25298.22 23820.39 20524.22 29543.4 38673.86 43164.23 43233.69 22930.69 32042.34 11054.96 2040.212 2040.212 2040.212 2040.212 2040.212 2040.059 1963.944 1962.758 1962.758 1962.758 1962.758 1962.758 1962.758 1962.758 2014.288 2987.271 3430.463 3430.463 3430.463 3430.463 3142.815 2505.311 2488.203 2488.203 2391.833 2418.698 2436.245 2166.829 1965.335 1800.354 1800.354 2148.509 1861.154 4173.896
3457.127 3400.374 3624.59 3895.309 3506.158 3414.835 3342.783 3291.651 3135.903 3092.921 3212.389 3257.772 3381.823 3004.217 2912.528 3174.508 3976.346 4072.944 4072.944 4072.944 4072.944 4072.944 4072.944 4072.944 4072.944 4072.944 4226.224 4285.501 4458.995 4539.473 4539.473 4539.473 4539.473 4539.473 4539.473 4539.473 4474.357 9438.951 3680.535 2040.831 2307.087 2040.831 2040.831 2040.831 2040.831 2040.831 2040.831 2040.275 1963.373 1963.353 1963.353 1963.353 1963.353 1963.353 1963.353 1963.353 1963.353 2678.709 3431.504 3431.504 3431.504 3431.504 3431.504 2784.733 2152.028 2216.609 1837.984 2093.44 2039.438 1800.9 1800.9 1800.9 1800.9 1800.9 1800.9 2407
3530.094 3512.23 3533.617 3576.224 3437.231 3319.825 3319.825 3319.825 3333.973 3407.192 3424.889 3424.889 3424.889 3392.706 3395.991 3747.561 4073.993 4074.177 4074.177 4074.177 4074.177 4074.177 4074.177 4074.177 4074.177 4074.177 4411.228 4540.847 4540.847 4540.847 4540.847 4540.847 4540.847 4540.847 4540.847 4540.847 3634.413 2490.279 2041.448 2041.448 2041.448 2041.448 2041.448 2041.448 2041.448 2041.448 2041.448 2039.402 1963.948 1963.948 1963.948 1963.948 1963.948 1963.948 1963.948 1963.948 1975.737 2948.402 3432.542 3432.542 3432.542 3417.607 2740.564 2020.174 2005.894 2004.167 1866.81 1801.445 1801.445 1801.445 1801.445 1801.445 1801.445 1801.445 1801.445 1801.445
3531.16 3531.16 3531.16 3531.16 3435.416 3320.828 3320.828 3320.828 3403.99 3425.924 3425.924 3425.924 3425.924 3431.863 3759.302 4072.877 4075.407 4075.407 4075.407 4075.407 4075.407 4075.407 4075.407 4075.407 4075.407 4421.558 4532.757 4542.219 4542.219 4542.219 4542.219 4542.219 4542.219 4542.219 4542.219 4542.219 3605.954 2609.047 2138.156 2042.065 2042.065 2042.065 2042.065 2042.065 2042.065 2042.065 2042.065 2023.914 1964.541 1964.541 1964.541 1964.541 1964.541 1964.541 1964.541 1964.541 1964.766 2768.177 2802.935 2772.898 2821.145 2603.768 2414.086 2042.234 2006.5 2006.5 1961.415 1801.989 1801.989 1801.989 1801.989 1801.989 1801.989 1801.989 1801.989 1801.989
3532.225 3532.225 3532.225 3532.225 3477.084 3325.505 3321.829 3321.829 3329.64 3408.089 3426.957 3426.957 3429.015 3870.867 4014.981 4111.093 4091.919 4076.636 4076.636 4076.636 4076.636 4076.636 4076.636 4076.636 4076.636 4402.891 4543.588 4543.588 4543.588 4543.588 4543.588 4543.588 4543.588 4543.588 4410.524 4475.852 3117.794 2663.617 2569.112 2224.807 2050.642 2042.681 2042.681 2042.681 2042.681 2042.681 2042.681 2032.74 1965.133 1965.133 1965.133 1965.133 1965.133 1965.133 1965.133 2109.276 2355.404 2478.959 2478.959 2478.959 2478.959 2478.959 2478.959 2292.693 2007.105 2007.105 1982.383 1829.769 1802.532 1802.532 1802.532 1802.532 1802.532 1802.532 1802.532 1802.532
3533.286 3533.286 3533.286 3515.003 3336.753 3322.827 3322.827 3322.827 3329.429 3412.166 3427.986 3427.986 3427.986 3517.49 5067.871 5517.387 5261.281 4563.253 4896.568 4344.854 4077.861 4077.434 3827.689 3728.332 3911.398 4544.299 4544.953 4544.953 4544.953 4544.953 4469.453 3828.855 4540.213 4105.024 2697.538 2847.894 2664.417 2664.417 2664.417 2664.417 2619.288 2268.786 2043.294 2043.294 2043.294 2043.294 2088.842 2512.004 1699.219 1826.189 1727.533 1965.724 1965.724 1965.724 1965.949 2404.017 2479.704 2479.704 2479.704 2479.704 2479.704 2479.704 2479.704 2358.183 2036.878 2007.708 2007.708 1901.735 1803.074 1803.074 1803.074 1803.074 1803.074 1803.074 1803.074 1803.074
3534.347 3534.347 3432.54 3412.14 3323.825 3323.825 3323.825 3323.825 3323.825 3364.913 3429.016 3429.016 3543.727 5145.634 5680.629 5680.629 5680.629 4771.429 4631.464 4003.4 3949.134 4070.034 3751.111 3645.945 4632.962 4863.897 4627.48 4617.449 4776.487 4799.823 3532.462 2671.437 3052.347 2751.287 2667.054 2665.217 2665.217 2665.217 2665.217 2665.217 2614.001 2238.489 2043.908 2043.908 2043.908 2043.908 2635.189 3705.65 1408.762 1408.762 1420.9 1637.424 1937.637 1966.314 2179.821 2480.448 2480.448 2480.448 2480.448 2480.448 2480.448 2480.448 2480.448 2480.448 2092.888 2008.311 2008.311 1913.868 1803.615 1803.615 1803.615 1803.615 1803.615 1803.615 1803.615 1803.615
3535.405 3535.405 3392.631 3338.629 3324.82 3324.82 3324.82 3324.82 3324.82 3333.357 3426.834 3607.669 5134.266 5682.329 5682.329 5682.329 5682.329 4839.096 3588.692 3588.692 3588.698 3621.525 3588.692 3902.785 4941.923 4949.233 4949.233 4949.233 4949.233 4949.233 4910.058 2763.553 2666.015 2666.015 2666.015 2666.015 2666.015 2666.015 2666.015 2666.018 2743.331 2073.371 2044.52 2044.52 2774.592 3869.406 3860.19 3702.929 1409.184 1409.184 1409.184 1409.184 1914.855 1965.212 2204.623 1907.871 1960.264 2461.521 2481.19 2481.19 2481.19 2481.19 2481.19 2481.19 2421.135 2086.847 2008.911 2004.779 1856.442 1804.155 1804.155 1804.155 1845.855 2282.165 2418.51 2061.641
3410.42 3501.734 3450.726 3347.451 3325.814 3325.814 3325.814 3325.814 3325.814 3325.814 3980.239 5504.42 5684.028 5684.028 5684.028 5684.028 5684.028 5094.411 3589.765 3589.765 3589.765 3589.765 3589.765 3598.937 4553.723 4950.714 4950.714 4950.714 4950.714 4950.714 4950.714 4569.36 2754.538 2666.812 2666.812 2666.812 2666.812 2666.812 2692.445 2743.069 3962.616 3619.488 3716.997 3798.427 3939.033 3976.931 3976.931 2690.242 1409.605 1409.605 1409.605 1409.605 1491.981 1440.431 1441.93 1412.076 1409.605 1995.109 2481.933 2481.933 2481.933 2481.933 2481.933 2481.933 2481.933 2453.221 2009.512 2009.512 1955.006 1804.695 1804.695 1804.695 2191.2 2725.86 2725.86 2725.86
3296.417 3342.974 3326.805 3326.805 3326.805 3326.805 3326.805 3326.805 3326.805 3326.805 4540.313 5685.723 5685.723 5685.723 5685.723 5685.723 5536.779 4236.821 3590.835 3590.835 3590.835 3590.835 3590.835 3590.835 4512.142 4952.189 4952.189 4952.189 4952.189 4952.189 4952.189 4952.189 4336.221 2667.607 2667.607 2667.607 2895.75 3377.651 3920.286 3962.573 3976.316 3978.116 3978.116 3978.116 3978.116 3978.116 3978.116 2350.245 1410.026 1410.026 1410.026 1410.026 1410.026 1410.026 1410.026 1410.026 1836.705 2482.265 2482.672 2482.672 2482.672 2482.672 2482.672 2482.672 2482.672 2473.203 2130.745 2010.111 2000.381 1965.058 1805.609 2134.166 2711.302 2726.672 2726.672 2726.672
3327.797 3327.797 3327.797 3327.797 3327.797 3327.797 3327.797 3327.797 3327.797 3327.797 3786.439 5675.101 5687.417 5687.417 5687.417 5687.417 4444.434 3591.905 3591.905 3591.905 3591.905 3591.905 3591.905 3523.775 4638.832 4953.665 4953.665 4953.665 4953.665 4953.665 4483.334 3464.315 2779.11 2668.402 2668.402 2801.74 3544.991 3582.223 3089.82 3639.345 3979.301 3979.301 3979.301 3979.301 3979.301 3979.301 3979.301 3557.249 1410.446 1410.446 1410.446 1410.446 1410.446 1410.446 1410.446 1410.446 2553.953 2816.977 2841.915 2720.097 2772.54 2652.296 2775.194 2616.178 2483.412 2483.412 2254.504 2010.71 2010.71 2128.465 2545.526 2658.923 2727.485 2727.485 2727.485 2727.485
3320.844 3328.785 3328.785 3328.785 3328.785 3328.785 3328.785 3328.785 3328.785 3328.785 3505.18 4871.732 5573.723 5689.105 5689.105 5400.907 3606.505 3606.513 3607.661 3625.306 3099.525 3069.474 2993.592 2815.224 2694.275 3466.729 3854.901 3053.501 3137.228 3314.761 2813.726 2669.194 2669.194 2669.194 2669.194 2669.194 2669.194 2669.194 2995.354 3980.482 3980.482 3980.482 3980.482 3980.482 3980.482 3980.482 3980.482 2038.75 1410.864 1410.864 1410.864 1410.864 1410.864 1410.864 1410.864 1410.864 2694.177 3094.574 3094.574 3094.574 3094.574 3094.574 3094.574 2871.763 2492.299 2480.387 2146.782 2011.307 2011.307 2011.307 2128.245 2329.32 2728.294 2728.294 2728.294 2728.294
3327.057 3329.772 3329.772 3329.772 3329.772 3329.772 3329.772 3329.772 3329.741 3283.76 3267.125 3273.697 4366.028 5039.807 4878.077 4557.978 3673.353 3689.423 3689.423 3689.423 3646.753 3069.653 2690.458 2643.678 2643.678 2643.678 2643.678 2643.678 2643.678 2648.841 2669.072 2669.986 2669.986 2669.986 2669.986 2669.986 2669.986 2669.986 3103.933 3717.782 3690.71 3943.539 3981.664 3981.664 3981.664 3981.664 3981.664 1853.102 1411.283 1411.283 1411.283 1411.283 1411.283 1411.283 1411.283 1411.283 2054.09 3095.493 3095.493 3095.493 3095.493 3095.493 3095.493 3095.493 2915.586 2213.419 2011.904 2011.904 2011.904 2011.904 2011.904 2233.287 2729.104 2729.104 2729.104 2729.104
3222.925 3330.757 3330.757 3318.483 3112.065 2958.91 2991.474 3038.744 2930.686 2882.57 2882.57 2882.57 3112.015 3690.514 3690.514 3690.514 3690.514 3690.514 3690.514 3690.514 3690.514 3678.052 3117.725 2644.459 2644.459 2644.459 2644.459 2644.459 2644.459 2645.868 2666.03 2670.775 2670.775 2670.775 2670.775 2670.775 2670.775 2670.775 3849.832 3086.842 2885.338 3866.797 3982.841 3982.841 3982.841 3982.841 3982.841 2448.536 1411.7 1411.7 1411.7 1411.7 1411.7 1411.7 1411.7 1411.7 2575.861 3096.408 3096.408 3096.408 3096.408 3096.408 3096.408 3096.408 2936.718 2012.499 2012.499 2012.499 2012.499 2012.499 2012.499 2278.654 2586.371 2729.911 2729.911 2729.911
2911.584 3074.504 3031.781 2912.723 2883.421 2883.421 2883.421 2883.421 2883.421 2883.421 2883.421 2883.421 3293.629 3691.603 3691.603 3691.603 3691.603 3691.603 3691.603 3691.603 3691.603 3429 2799.791 2645.24 2645.24 2645.24 2645.24 2645.24 2645.24 2645.24 2645.656 2663.986 2671.563 2671.563 2671.563 2671.563 2671.563 2671.563 2855.266 3203.66 3740.128 3984.016 3984.016 3984.016 3984.016 3984.016 3984.016 3325.302 1412.117 1412.117 1412.117 1412.117 1412.117 1412.117 1412.117 1412.117 1764.889 3096.658 3097.322 3097.322 3097.322 3097.322 3097.322 3097.322 2646.793 2013.093 2013.093 2013.093 2013.093 2013.093 1982.927 2003.126 2410.087 2730.716 2730.716 2730.716
