indp00g.asc
ncols         816
nrows         816
xllcorner     65
yllcorner     5
cellsize      0.0416666666667
NODATA_value  -9999
[rows 442 to 475 of 816, columns 304 to 379 of 816]
3348.479 3572.522 3735.769 3437.662 3331.748 3218.213 3190.496 3433.728 3433.728 3433.728 3433.728 3433.728 3433.728 3373.557 3443.202 4286.391 4346.813 4346.813 4346.813 4346.813 4346.813 4346.813 4907.134 5727.514 8098.823 7621.129 4611.056 2831.774 2696.192 1992.537 1992.537 1992.537 1992.537 1992.537 1992.537 1992.537 2001.543 2310.477 2416.899 2388.12 2497.716 2497.716 2497.716 2497.716 2497.716 2758.513 3207.196 3207.196 3207.196 3207.196 3224.234 4573.384 4955.613 4955.613 4563.125 4151.698 3236.984 4147.64 2545.85 1953.138 1832.808 1820.896 1820.896 1820.896 1820.896 1776.724 1588.442 1421.921 1568.898 1360.591 1346.119 1517.384 1525.664 1525.664 1525.664 1525.664
3633.374 3224.57 3289.187 3224.57 3224.57 3224.57 4197.434 4853.8 3725.963 3434.666 3434.666 3434.666 3395.47 2589.97 2511.811 2531.783 3385.511 3842.823 4348 4347.97 4341.28 4382.026 4664.101 5245.733 5730.981 5825.154 5825.154 5825.154 5199.489 1993.082 1993.082 1993.082 1993.082 1993.082 1993.082 1993.082 2160.03 2496.142 2498.398 2498.398 2498.398 2498.398 2498.398 2498.398 2498.398 2966.203 3208.072 3208.072 3208.072 3208.072 3407.201 3793.393 4956.966 4956.966 3729.185 2927.877 1966.845 1966.845 1966.845 1954.734 1836.956 1821.393 1821.393 1821.393 1821.393 1821.393 1802.249 1491.143 1793.515 1625.074 1340.011 1525.896 1526.081 1526.081 1526.081 1526.081
3225.449 3225.449 3225.449 3225.449 3225.449 3225.449 4695.792 5905.974 5738.617 5005.159 4126.037 4727.891 2556.964 2512.496 2512.496 2512.496 2512.496 2547.045 2715.342 2766.466 3555.873 5791.01 5826.742 5826.742 5826.742 5826.742 5826.742 5826.742 5687.955 2810.64 2020.969 1993.625 2074.09 1997.659 1993.625 2113.072 2531.462 2499.079 2616.976 2504.657 2499.079 2499.079 2499.079 2499.079 2499.079 2569.348 3201.243 3208.946 3208.946 3208.946 3554.157 4873.81 4958.318 4958.318 3318.248 1967.381 1967.381 1967.381 1967.381 1925.284 1870.156 1896.069 1901.806 1898.789 1892.929 1691.4 1411.348 934.4169 1164.545 1701.556 1062.402 1526.497 1526.497 1526.497 1526.497 1526.497
3226.406 3226.354 3226.325 3226.325 3226.325 3226.325 3226.325 4541.521 5915.336 5915.336 5915.336 5915.336 3988.365 2513.178 2513.178 2513.178 2513.178 2635.308 2755.914 2755.914 2913.104 4745.532 5823.922 5828.324 5828.324 5828.324 5828.324 5828.324 5828.324 5828.324 2529.627 2424.779 2958.607 2637.644 2587.554 2995.203 2976.595 2658.666 2856.688 2499.758 2499.758 2499.758 2499.758 2499.758 2499.758 2664.476 3209.818 3209.818 3209.818 3209.818 3209.818 4348.117 4959.664 4959.664 3416.171 1967.916 1967.916 1967.916 1967.916 1967.916 1967.916 1967.916 1967.916 1967.916 1609.577 957.661 934.6706 934.6706 934.6706 977.3078 1083.015 1652.077 1562.93 1552.669 1560.43 1603.372
4782.647 4464.496 3536.544 3457.614 3229.372 3227.201 3227.201 4992.303 5916.942 5916.942 5916.942 5916.942 5768.478 2648.476 2513.86 2513.86 2513.86 2652.485 2745.488 2756.662 2756.662 2756.662 3250.473 3708.015 5751.861 5829.906 5829.906 5371.922 3239.076 3214.586 3027.494 3039.572 3040.109 3040.109 3040.109 3040.109 3040.109 3040.109 2900.847 2500.436 2500.436 2500.436 2500.436 2500.436 2512.515 2693.159 3193.965 3210.689 3210.689 3210.689 4154.798 4778.394 4961.01 4961.01 4641.689 1968.45 1968.45 1968.45 1968.45 1968.45 1968.45 1825.876 1850.549 1541.228 1131.049 934.9243 934.9243 934.9243 934.9243 934.9243 1292.966 1720.224 1695.183 1687.67 1720.224 1720.224
4929.788 4929.788 4670.017 4443.121 4226.762 4545.762 4743.647 4485.35 5867.578 5918.542 5918.542 5918.542 5918.542 3689.343 2514.54 2514.54 2514.54 2514.54 2516.033 2731.002 2757.407 2757.407 2757.407 2757.407 4518.205 5831.482 5831.482 5026.63 3040.931 3040.931 3040.931 3040.931 3040.931 3040.931 3040.931 3040.931 3040.931 3001.852 3040.454 2660.088 2501.113 2501.113 2501.113 2501.113 2578.199 2640.631 2690.939 2813.984 3061.106 3148.672 4443.069 4962.352 4962.352 4962.352 4916.662 2087.212 2051.595 1969.295 1968.982 1968.982 1968.982 1139.214 971.3227 935.1771 935.1771 935.1771 935.1771 935.1771 935.1771 935.1771 997.8175 1691.532 1720.689 1720.689 1720.689 1698.21
4931.118 4931.118 4931.118 4931.118 4931.118 4931.118 5614.746 5920.139 5920.139 5920.139 5920.139 5920.139 5920.139 4800.116 3784.074 2676.05 2515.218 2515.218 2535.238 2745.133 2758.151 2758.151 2758.151 2758.151 3271.301 5703.012 5833.056 5302.401 3041.752 3041.752 3041.752 3041.752 3041.752 3041.752 3041.752 3041.752 3030.595 2612.119 2651.808 2650.598 2528.53 2518.146 2512.587 2558.157 2652.352 2657.696 2657.696 2657.696 2657.696 2681.271 2707.065 4037.079 4405.265 4339.873 3660.693 2210.578 2158.975 1969.513 1969.513 2010.485 2128.986 1613.974 935.4294 935.4294 935.4294 935.4294 935.4294 935.4294 935.4294 1044.347 1290.176 1640.673 1721.153 1721.153 1721.153 1688.686
4922.752 4932.446 4932.446 4932.446 4932.446 5006.585 5426.054 5849.124 5921.733 5921.733 5921.733 5921.733 5921.733 5921.733 5823.726 3496.146 2515.895 2515.895 2576.706 2744.826 2758.894 2758.894 2758.894 2758.894 2758.894 3507.214 4061.646 3280.143 3042.571 3042.571 3042.571 3042.571 3042.571 3042.571 2931.426 2869.596 2597.249 2565.01 2565.01 2565.01 2565.01 2565.01 2596.532 2658.411 2658.411 2658.411 2658.411 2658.411 2658.411 2658.411 2658.411 2658.411 2903.16 3413.172 3172.644 2211.173 2192.59 2094.267 1975.076 2141.406 2211.173 1571.839 935.6813 935.6813 935.6813 935.6813 935.6813 1074.521 1222.28 1608.905 1721.617 1721.617 1721.617 1703.221 1609.32 1602.921
5209.342 5058.712 4934.553 4933.773 4933.773 4868.414 5136.035 5923.327 5923.327 5923.327 5923.327 5923.327 5923.327 5923.327 5923.327 5814.79 2802.492 2515.499 2711.303 2885.503 2770.543 2759.637 2770.004 2760.501 2759.583 2755.611 2753.443 2842.643 2898.057 2901.796 3081.38 3043.39 3043.39 2896.396 2566.096 2565.701 2565.701 2565.701 2565.701 2565.701 2565.701 2567.216 2608.997 2611.15 2645.992 2659.127 2659.127 2659.127 2659.127 2675.486 2926.733 2659.127 3657.495 3714.563 3843.914 2925.298 2211.768 2211.768 2140.959 2211.602 2211.768 1468.084 935.9332 935.9332 935.9332 935.9332 1412.211 1707.294 1722.08 1722.08 1722.08 1727.337 1734.259 1692.388 1594.045 1594.045
5648.339 5654.864 5543.106 5511.021 4328.141 3403.417 3302.998 4545.476 5505.64 5924.915 5924.915 5924.915 5924.915 5335.619 3770.147 2535.22 2649.561 2174.397 2281.106 2892.18 2866.358 2796.792 2884.976 2873.274 2762.908 2754.099 2754.099 2754.099 2754.099 3217.971 4036.87 3069.545 2924.608 2635.903 2566.388 2566.388 2566.388 2566.388 2566.388 2566.388 2566.388 2566.388 2566.388 3234.388 4799.762 2698.24 2659.84 2659.84 2920.804 4021.039 4048.391 3099.208 3801.417 3828.358 2915.613 2350.236 2212.361 2212.361 2212.361 2212.361 2159.961 1291.307 936.1841 936.1841 936.1841 936.1841 1328.621 1722.542 1722.542 1722.542 1751.525 1817.978 1762.449 1638.169 1594.472 1594.472
5197.323 5656.377 5656.377 5393.584 3287.856 3247.838 3247.838 3247.838 3247.869 3739.531 4473.392 4515.362 3132.642 2106.748 2094.906 2094.906 2094.906 2094.906 2262.452 2897.787 2897.787 2890.134 2892.4 2779.926 2754.836 2754.836 2754.836 2754.836 2978.703 3988.108 4084.596 3260.762 2606.662 2567.075 2567.075 2567.075 2567.075 2567.075 2567.075 2567.075 2647.324 2665.864 2567.075 4804.339 7109.592 5086.056 3060.337 4300.467 5298.496 5266.07 4404.516 3862.076 3862.076 3670.54 2342.992 2212.953 2212.953 2212.953 2212.953 2209.597 1302.75 936.4346 936.4346 936.4346 936.4346 936.4346 1428.403 1540.209 1531.779 1715.577 1865.095 1879.798 1632.256 1594.899 1681.498 1620.552
5342.206 5657.887 5657.887 5252.47 3248.705 3248.705 3248.705 3248.705 3248.705 3248.705 2916.719 2212.974 2095.465 2095.465 2095.465 2095.465 2095.465 2188.448 2714.07 2898.561 2898.561 2898.561 2874.895 2755.571 2755.571 2755.571 2755.571 2755.61 3657.447 4101.551 4101.551 3907.6 3207.5 2567.76 2567.76 2567.76 2567.76 2567.76 3210.316 5240.195 6951.733 7013.252 6212.097 7022.511 7111.49 7111.49 6962.301 5498.288 5302.058 5225.54 4065.992 3863.107 3863.107 3863.107 3650.826 2557.094 2213.544 2213.544 2213.544 2213.544 2102.593 1261.852 936.6846 936.6846 936.6846 936.6846 936.6846 936.6846 944.0367 1523.147 1880.28 1880.3 1724.683 1661.055 1858.873 1842.754
5659.392 5659.392 5659.392 5423.735 4274.437 3249.569 3249.569 3249.569 3249.569 3064.871 2096.58 2096.022 2096.022 2096.022 2096.022 2096.022 2096.022 2097.111 2661.187 2899.331 2899.331 2899.331 2856.339 2748.976 2348.954 2751.897 2756.304 2987.831 4074.497 4102.642 4102.642 4102.642 4016.465 2779.654 2568.443 2568.443 2568.443 2568.443 4395.123 7113.381 7113.381 7113.381 7113.381 7113.381 7113.381 7113.381 7113.381 6451.097 5421.939 5132.252 3892.508 3864.134 3864.134 3864.134 3864.134 2912.082 2183.244 2214.133 2214.133 2214.133 2214.133 1758.929 936.9337 936.9337 936.9337 936.9337 936.9337 936.8884 1019.491 1859.77 1880.8 1880.8 1880.8 1880.8 1880.8 1880.8
5441.636 5554.05 5493.969 5431.833 3966.469 3250.433 3250.433 3250.433 3250.433 3234.98 2226.926 2096.579 2096.579 2096.579 2096.579 2096.579 2096.579 2141.395 2870.656 2900.102 2900.102 2900.102 2888.381 2020.163 1692.621 1879.384 1940.976 3095.075 4103.732 4103.732 4103.732 4103.732 4103.732 3908.275 2623.557 3848.244 4179.401 5161.501 4874.246 7115.272 7115.272 7115.272 7115.272 7115.272 7115.272 7115.272 7052.287 6132.223 5588.014 5304.877 5161.932 3103.129 2836.31 3865.162 3865.162 2300.828 1963.723 2153.482 2126.415 2178.741 2212.075 2214.05 1683.006 1300.444 950.8274 937.1827 917.4799 814.7228 885.4545 1879.794 1881.3 1881.3 1881.3 1881.3 1881.3 1881.3
3364.891 3795.688 3697.751 5424.528 4247.952 3251.17 3251.295 3251.295 3251.295 3251.295 2737.742 2097.135 2097.135 2097.135 2097.135 2097.135 2097.135 2224.656 2900.871 2900.871 2900.871 2900.871 2457.767 1693.992 1693.07 1693.07 1693.07 2992.817 4104.821 4104.821 4104.821 4104.821 4104.821 4104.821 4130.32 4019.142 6916.59 7117.159 7117.159 7117.159 7117.159 7117.159 7117.159 7117.159 7117.159 7117.159 6401.329 5416.958 5306.285 5306.285 3899.722 1945.316 1995.873 3324.265 2753.785 1945.331 1945.316 1945.316 1945.316 1977.737 2192.523 2215.309 2215.309 2143.712 1653.191 932.5337 838.1229 796.0217 878.3737 1881.073 1881.799 1881.799 1881.799 1881.799 1881.799 1881.799
3213.427 3213.427 3213.427 3213.427 3213.427 3241.281 3252.156 3252.156 3252.156 3252.156 2575.932 2097.691 2097.691 2097.691 2097.691 2097.691 2097.691 2128.229 2478.356 2878.837 2901.639 2646.099 1710.018 1693.519 1693.519 1693.519 1693.519 2447.39 3122.516 4105.907 4105.907 4105.907 4105.907 4156.899 6850.351 5812.592 7108.4 7119.043 7119.043 7119.043 7119.043 7119.043 7119.043 7241.286 7495.975 7516.275 6407.946 4478.136 4724.425 5241.939 4343.46 1946.932 1945.831 1945.831 1945.831 1945.831 1945.831 1945.831 1945.831 2037.357 2213.094 2215.895 1971.597 1714.001 954.994 805.8066 934.8862 832.3604 1200.339 1882.297 1882.297 1882.297 1882.297 1882.297 1882.297 1882.297
3214.274 3214.274 3214.274 3214.274 3214.274 3215.49 3277.548 3364.315 3367.892 3219.215 2138.119 2098.244 2189.839 2353.686 2222.172 2257.942 2098.244 2098.244 2443.568 2902.404 2902.404 2474.485 1693.965 1693.965 1693.965 1693.965 1693.965 1693.965 2452.774 3835.424 4106.99 4106.99 4106.99 4135.184 5508.153 6989.558 6630.745 6614.844 7094.152 7595.633 7308.542 7241.507 7120.92 7587.478 8078.144 7591.138 2749.959 2722.943 2974.673 3222.938 2905.097 1984.584 1946.344 1946.344 1946.344 1946.344 1946.344 1946.344 1946.344 2010.679 2184.911 2018.362 1040.373 796.4423 796.4423 1036.013 1836.292 1612.111 1786.55 1882.793 1882.793 1882.793 1882.793 1882.793 1569.963 1366.021
3215.122 3215.122 3215.122 3215.122 3215.122 3306.303 3486.158 3506.549 3506.549 3503.693 3408.283 3274.365 2651.118 2561.57 2490.609 3350.422 3228.879 2215.618 2873.736 2903.169 2903.169 2903.088 2653.643 2483.682 1840.016 1694.411 1694.411 1694.411 1697.744 2364.233 4009.015 4108.072 4108.072 4108.072 3886.396 3611.36 3399.976 3034.758 4603.485 6807.441 7748.832 7738.084 7190.341 7589.036 8080.273 5870.128 2723.66 2723.66 2723.66 2690.706 2182.23 1946.857 1946.857 1946.857 1946.857 1946.857 1946.857 1946.857 1946.857 1946.857 1952.481 1690.349 989.5471 796.6522 796.6522 796.6522 830.0486 1020.661 1883.29 1883.29 1883.29 1883.29 1883.29 1774.609 536.1039 460.4304
3215.966 3215.966 3215.966 3215.966 3232.103 3476.672 3507.47 3507.47 3507.47 3507.47 3392.837 3015.23 2597.749 2582.7 2582.7 2687.319 3808.969 3966.906 3287.993 3100.314 3273.548 3053.375 2903.931 2903.931 2487.974 1694.856 1694.856 1694.856 1694.856 1694.856 3151.308 4081.41 4068.917 3772.415 3465.958 3445.8 3445.8 3138.668 3029.883 3029.883 5242.722 8082.394 8082.394 8082.394 8082.394 5343.161 2724.375 2724.375 2723.136 2571.257 1947.368 1947.368 1947.368 1947.368 1947.368 1947.368 1947.368 1947.368 1947.368 1947.368 1947.368 1817.62 1111.954 799.7841 796.8614 796.8614 833.7457 1423.78 1612.651 1877.468 1883.784 1883.784 1883.784 1093.252 1397.159 718.5786
3216.808 3216.808 3216.808 3216.808 3294.53 3508.389 3508.389 3508.389 3508.389 3506.288 2768.896 2586.324 2583.377 2583.377 2583.377 2583.377 2912.498 4102.82 4102.82 4817.348 5173.641 5085.979 4717.648 4454.265 3015.185 1695.3 1695.3 1695.3 1695.3 1695.3 2440.576 3458.844 3446.702 3446.702 3446.702 3446.702 3446.702 3119.735 3030.677 3030.677 3035.04 3486.504 4335.673 5320.707 6906.061 5997.739 2696.193 2710.301 2640.746 2650.686 1991.742 1947.878 1947.878 1947.878 1947.878 1947.878 1947.878 1947.878 1947.878 1947.878 1696.298 1109.694 1045.391 845.0956 797.0701 989.0997 1263.262 1239.557 817.5084 1859.441 1884.277 1884.277 1884.277 1124.522 583.6067 460.6719
3217.65 3217.65 3217.65 3217.65 3263.451 3411.012 3469.782 3509.615 3393.85 3252.924 2871.385 2584.053 2584.053 2584.053 2584.053 2584.053 2739.766 4050.893 4270.678 7417.714 8824.299 7449.954 4995.469 4911.785 3170.945 2778.865 2888.223 2677.419 3094.044 2322.528 2897.243 3447.605 3447.605 3447.605 3235.936 3117.119 3177.218 3079.009 3031.47 3031.47 3031.47 3031.47 3031.47 3031.47 2974.744 2724.932 2637.044 2644.97 2635.239 2635.239 2274.067 1948.388 1948.388 1934.978 1946.942 1948.388 1656.821 1244.237 1328.473 1546.715 1060.106 1044.924 962.4214 800.1478 797.2789 797.2789 797.2789 797.2789 797.2789 1090.254 1595.833 1836.126 1884.771 884.2696 460.7926 460.7926
3266.468 3241.936 3218.49 3218.49 3258.991 3363.529 3272.997 3554.065 2734.785 2643.352 2593.755 2584.728 2584.728 2584.728 2584.728 2575.613 2556.78 2890.091 3320.871 8713.456 8834.979 8834.979 7672.43 4748.345 3478.144 2967.115 2705.762 2862.053 3246.983 3448.504 3448.504 3448.504 3448.504 3448.504 3272.326 3032.261 3032.261 3032.261 3032.261 3032.261 3032.261 3032.261 3032.261 3032.261 2903.018 2635.927 2635.927 2635.927 2635.927 2635.927 2416.93 1948.896 1948.896 1570.386 1419.094 1487.852 1112.074 1045.937 1045.937 1045.937 1009.002 940.7094 839.3195 797.4868 797.4868 797.4868 797.4868 797.4868 797.4868 797.4868 797.4868 1040.941 928.3163 540.3665 460.9128 460.9128
3593.984 3571.496 3289.071 3450.286 3591.802 3592.632 3465.504 3577.962 3565.266 2888.164 2921.538 3017.992 2643.927 2585.4 2585.4 2557.864 2554.399 2554.399 2554.399 6942.531 8837.278 8837.278 8762.437 4965.536 3825.471 2967.887 2700.704 1878.354 2204.2 2651.964 2699.533 3192.359 3449.402 3419.489 3150.745 3057.691 3033.05 3033.05 3033.05 3033.05 3033.05 3033.05 3033.05 3033.05 3025.373 2705.421 2636.613 2636.613 2636.613 2636.613 2558.249 1949.404 1949.404 1696.169 1046.209 1046.209 1046.209 1046.209 1046.209 1046.209 1027.451 971.2344 954.8275 801.317 797.6944 797.6944 797.6944 797.6944 797.6944 797.6944 797.6944 797.6944 536.1681 461.0327 461.0327 461.0327
3594.918 3594.918 3594.916 3594.918 3594.918 3594.918 3594.918 3594.918 3594.918 3544.648 3578.909 3594.918 3062.02 2586.072 2586.072 2568.137 2554.148 2555.063 2907.988 3357.364 7887.646 8839.573 8839.573 8839.573 8835.679 7161.931 4451.558 1879.099 1878.768 1878.768 1878.768 3325.029 3450.298 3091.002 2690.48 1344.553 1548.504 1973.057 2599.132 3023.101 3033.838 3033.838 3033.838 3033.838 3030.568 2692.779 2637.297 2646.885 2701.37 2731.567 2720.573 2124.883 1949.91 1507.258 1172.913 1046.481 1046.481 1046.481 1046.481 1046.481 1024.499 971.4866 941.907 797.9016 797.9016 797.9016 797.9016 797.9016 797.9016 797.9016 774.9522 713.4471 497.1674 480.7594 462.498 461.1524
3619.772 3596.788 3595.849 3595.849 3595.849 3595.849 3595.849 3595.849 3595.849 3595.849 3595.849 3595.849 3024.563 2586.742 2586.742 2407.617 2297.099 2452.381 5109.641 3208.091 3985.419 4812.358 5790.192 5344.849 7878.638 5336.872 2542.979 1879.255 1879.255 1879.255 1563.589 2636.175 2867.844 1182.003 969.3167 972.7204 1372.118 1405.61 1405.61 2313.436 2314.322 2936.336 3034.624 3034.624 2888.323 2637.981 2576.964 2788.023 2823.495 2823.495 2823.495 2739.597 1968.58 1575.443 1106.537 1046.752 1046.697 1046.752 1022.242 1021.017 990.2795 971.7383 950.7415 798.1083 798.1083 798.1083 798.1083 798.1083 798.1083 761.2554 566.5686 527.5037 527.5037 527.5037 505.0907 476.6678
4112.232 3873.772 3596.779 3596.779 3598.173 3820.977 3611.591 3604.291 3596.779 3596.779 3573.523 2920.752 2592.558 2587.411 2587.411 2247.6 2208.665 2208.665 2629.06 3105.756 3121.341 3448.626 3886.078 3886.078 2931.441 2799.326 2092.285 1879.741 1879.741 1879.741 1646.953 995.5703 994.2625 969.5673 969.5673 969.5673 1287.456 1405.973 1405.973 1405.973 1405.973 1959.783 3334.977 2805.189 2341.511 2600.268 2281.175 2474.581 2824.225 2824.225 2824.225 2824.225 1726.159 1294.872 1048.677 1008.894 999.3688 1002.147 972.2551 971.9896 971.9896 971.9896 953.4576 798.3146 798.3146 798.3146 768.0432 732.7478 626.9339 532.5172 527.6401 527.6401 527.6401 527.6401 527.6401 527.6401
4113.293 3942.499 3597.707 3640.992 4266.154 4403.448 4282.29 3915.497 3597.707 3597.707 3232.009 2588.078 2588.078 2588.078 2588.078 2404.25 2209.235 2209.235 2420.024 2908.789 3097.631 3668.524 3887.08 3658.504 2081.54 1929.015 1917.018 1882.052 1880.226 1896.017 1944.476 1817.858 1176.009 969.8175 969.8175 969.8175 1078.767 1406.336 1406.336 1406.336 2356.91 3904.801 3700.468 2006.435 2006.435 2082.575 2007.542 2063.866 2807.45 2824.954 2501.419 2037.888 1281.121 1101.248 1073.783 973.7316 972.2404 972.2404 972.2404 972.2404 972.2404 972.2404 931.0093 798.5206 798.5206 798.5206 682.8643 527.7762 527.7762 527.7762 527.7762 527.7762 527.7762 527.7762 527.7762 527.7762
4071.031 3770.786 3804.86 4031.355 4331.545 4404.859 4404.859 3332.63 2725 2618.578 2596.21 2588.743 2588.785 2593.09 2611.159 2564.115 2318.238 2209.802 2690.323 2746.435 2771.695 2885.484 3594.531 2966.469 1929.511 1929.511 1929.511 1912.651 1914.386 1975.162 1989.547 1989.547 1490.695 970.6043 970.0667 970.0667 1041.622 2204.75 1648.832 1406.698 1476.716 3432.082 4646.243 2779.171 2533.505 2082.415 2040.255 2033.136 2038.892 2207.396 1441.185 1101.531 1101.531 1101.531 1101.531 1011.128 972.4902 972.4902 972.4902 972.4902 972.4902 972.4902 905.3633 798.7258 798.7258 829.3636 666.589 527.9119 527.9119 527.9119 527.9119 527.9119 527.9119 527.9119 527.9119 518.8851
4115.407 4115.407 4278.462 4405.99 4405.99 4405.99 4088.904 2589.523 2589.408 2589.408 2589.408 2589.408 2640.816 2673.468 2673.635 2674.618 2656.175 2093.69 2695.525 2747.141 2747.141 2326.107 1930.006 1930.006 1930.006 1930.006 1930.006 1954.335 1990.057 1990.057 1990.057 1925.1 1431.414 1084.92 970.3159 998.6307 1806.642 3012.251 2957.761 2144.716 2372.869 4656.663 4661.7 3888.552 4563.905 4392.883 3787.392 2644.269 2140.911 1101.814 1101.814 1101.814 1101.814 1101.814 1101.814 1064.236 972.7401 972.7401 972.7401 972.7401 972.7401 972.6821 828.8898 804.5699 891.1365 972.3833 656.7972 528.0475 525.7896 460.2839 528.0475 528.0475 528.0475 528.0475 528.0475 515.0574
4116.462 4116.462 4302.373 4407.12 4407.12 4407.12 4263.219 2703.7 2590.072 2590.072 2590.072 2590.072 2654.655 2675.303 2675.303 2675.303 2675.303 1871.306 1605.12 2415.369 2747.845 2710.235 2251.845 1930.501 1923.699 1913.312 1930.501 1930.732 1958.812 1955.812 1636.737 1440.284 1404.022 1231.774 1128.008 1685 2778.379 3013.023 3013.023 3013.023 3363.475 4214.29 4662.895 4662.895 4662.895 4662.895 4662.895 4444.215 4521.344 1276.993 1102.097 1102.097 1102.097 1102.097 1102.097 1051.463 972.9894 972.9894 972.9894 972.9894 972.9894 959.1821 880.594 961.4974 972.9894 903.2338 529.3419 490.7643 449.0764 434.5979 515.1737 528.1829 528.1829 528.1829 528.1829 533.5033
4117.513 4117.425 4396.812 4402.391 4243.975 3865.832 3335.544 2755.292 2590.733 2590.733 2590.733 2590.733 2662.181 2798.967 2675.986 2675.986 2447.859 1507.084 1455.596 1734.453 2746.717 2748.546 2658.499 2032.158 1489.342 1730.271 1930.994 1930.994 1930.994 1577.001 1434.059 1404.381 1404.381 1404.381 2048.099 2747.819 2649.244 3013.792 3013.792 3013.792 2592.896 2407.981 3334.36 2940.025 4497.234 3544.414 3865.758 2207.902 2974.631 1102.378 1102.378 1102.378 1102.378 1102.378 1102.378 1029.368 973.2378 973.2378 973.2378 973.2378 973.2378 973.2378 973.2378 973.2378 973.2378 777.3016 522.5182 436.4536 432.1638 432.1638 496.3619 553.9822 545.0939 528.3177 544.1311 562.7551
3637.528 3838.725 3587.195 3585.885 3552.827 3256.344 3125.471 3123.607 2865.292 2599.559 2591.393 2591.393 2825.833 3104.308 2915.156 2096.189 1638.257 1455.966 1455.966 1455.966 1691.624 2420.953 2358.185 2114.109 1628.823 1276.029 1720.176 1931.486 1623.54 1325.552 1361.344 1404.738 1404.738 1404.738 914.3397 885.3461 900.3251 1356.039 1450.631 2609.388 2786.873 2398.82 2398.82 2426.303 2797.679 1595.994 1583.117 1583.117 1640.886 1207.241 1102.659 1102.659 1102.659 1102.659 1091.641 984.1701 973.4857 973.4857 973.4857 973.4857 973.4857 973.4857 973.4857 973.4857 843.9587 557.04 474.0232 432.2739 432.2739 432.2739 467.7855 561.3173 561.2186 562.1644 564.1913 564.3222
3586.7 3586.7 3586.7 3586.7 3572.17 3400.523 3126.267 3126.267 3115.768 2731.854 2686.772 2692.917 2853.456 3106.68 3106.68 2363.924 1456.337 1456.337 1501.266 1577.036 1840.801 2107.696 2114.648 2114.648 1568.383 1271.198 1293.563 1378.987 1271.729 1271.198 1806.725 2029.962 1608.289 1358.408 822.6625 810.5898 810.5898 810.5898 810.5898 1749.217 2488.448 2399.431 2399.431 2399.431 2200.248 1932.824 1691.352 1583.52 1583.52 1541.377 1427.22 1493.652 1175.813 1225.647 1059.859 973.7336 973.7336 973.7336 973.7336 973.7336 973.7336 973.7336 973.7336 973.7336 955.962 460.8762 432.384 432.384 432.384 432.384 467.6201 556.2715 564.4659 564.4659 564.4659 564.4659
3587.61 3587.61 3587.61 3587.61 3506.079 3127.06 3127.06 4779.701 3610.078 2821.745 2821.745 2821.745 2970.962 3107.468 3107.468 3106.496 3918.36 2799.844 1590.388 1920.473 2115.184 2115.184 2115.184 2115.184 1477.946 1271.521 1271.521 1271.521 1271.521 1502.378 2269.511 2272.698 2239.386 2080.798 879.5679 810.7954 810.7954 810.7954 810.7954 1202.1 3280.226 3170.121 2732.327 2934.541 2880.216 2051.56 2040.564 1740.901 1784.359 1509.907 1550.374 1574.123 1548.561 1583.922 1406.404 969.7166 973.9805 973.9805 973.9805 973.9805 973.9805 973.9805 973.9805 973.9805 854.1951 434.1732 432.4937 432.4937 432.4937 443.9449 563.1886 564.6091 564.6091 564.6091 564.6091 564.6091
