indp90ag.asc
ncols         816
nrows         816
xllcorner     65
yllcorner     5
cellsize      0.0416666666667
NODATA_value  -9999
[rows 204 to 237 of 816, columns 228 to 303 of 816]
6839.41 6839.41 6827.727 6453.919 5704.405 5685.277 5789.127 6041.74 6071.665 6035.099 6058.88 4998.633 4781.749 4598.937 4546.287 4546.287 4546.287 4546.287 4753.453 5803.773 5934.217 5934.217 5934.217 5934.217 5934.217 5934.217 5934.217 6043.705 6871.907 6891.543 6844.916 1043.268 818.6576 1784.885 1507.638 818.6576 818.6576 1722.828 7349.846 7234.614 7183.167 7183.167 7183.167 6240.825 5077.709 5077.709 5077.709 5077.709 5381.25 8450.086 8460.32 8460.32 8460.32 8460.32 8651.073 10243.92 10282.65 9149.608 6695.641 6954.536 6264.272 6031.347 6031.347 6031.347 6446.612 2932.175 3227.236 2131.659 2131.659 2217.428 2993.762 2993.762 2993.762 2993.762 2993.762 2993.762
6842.334 6842.334 5917.41 4047.972 5046.108 5725.09 6074.261 6074.261 6074.261 6074.261 6074.261 6025.516 5470.692 4695.938 4548.23 4548.23 4548.23 4548.23 4860.454 5442.622 5936.754 5936.754 5936.754 5936.754 5936.754 5936.754 5936.754 6139.243 6880.813 6894.49 6894.49 4969.966 4469.285 6794.319 6002.41 2415.112 819.0076 2513.153 7186.239 7186.239 7186.239 7186.239 7186.239 7379.858 7375.662 6232.796 7522.282 6428.415 7466.839 8463.938 8463.938 8463.938 8463.938 8463.938 9533.087 10287.04 10287.04 8827.504 6081.022 6037.411 6033.926 6033.926 6033.926 6074.98 8835.645 9244.228 9216.816 7079.694 6936.807 4045.011 4325.619 4080.492 3261.243 2995.043 3003.125 3052.79
5404.899 4897.589 4412.83 4046.725 4046.725 4804.081 5568.151 6054.725 6392.715 6455.965 6205.05 6460.805 6677.49 5850.554 4920.915 4550.172 4550.172 4550.172 4550.172 4559.775 5277.653 5939.235 5939.288 5939.288 5939.288 5939.288 5939.288 6024.529 6895.546 6897.433 6897.433 6897.433 6897.433 6897.433 6897.433 4470.73 1938.277 5864.418 7189.306 7189.306 7189.306 7189.306 7452.578 8693.578 8707.398 8683.097 8707.398 8707.398 8703.382 8558.836 8467.551 8467.551 8467.551 12092.39 14114.23 13542.78 12619.69 8750.776 6565.192 6036.501 6036.501 6036.501 6036.501 6099.721 8966.9 9253.921 9253.921 9253.921 9253.854 7441.966 5371.904 4010.773 4552.166 3556.531 3974.054 6547.171
4048.452 4048.452 4048.452 4048.452 4048.452 4831.257 5438.722 5386.883 7161.146 7161.146 7161.146 7161.146 7161.146 7161.146 7153.638 5035.223 4552.113 4552.113 4552.113 4552.113 4751.446 5686.659 5941.822 5941.822 5941.822 5941.822 5941.822 6060.557 6655.457 6900.375 6900.375 6880.733 6758.241 6835.648 6421.528 6404.713 7111.092 7192.374 7192.374 7192.374 7192.374 7268.229 8160.982 8711.114 8711.114 8711.114 8711.114 8711.114 8695.145 8492.615 8471.164 8471.164 8471.164 11323.88 14527.01 14652.01 13906.02 11974.64 13465.17 8652.988 6068.719 6046.922 6043.108 6203.811 8841.828 9257.869 9257.869 9257.869 9257.869 7198.58 4554.108 4554.108 4554.108 4554.108 5382.777 6663.856
4050.464 4050.174 4050.174 4050.174 4050.174 4050.174 5633.072 7164.192 7164.192 7164.192 7164.192 7164.192 7164.192 7164.192 6804.579 4823.144 4554.05 4554.05 4554.05 5128.891 5866.008 5944.35 5944.35 5944.35 5944.35 5944.35 5944.35 6218.343 6870.626 6712.831 6259.047 6111.805 5700.522 5648.825 5543.919 5543.919 5865.486 6326.539 6422.397 6319.333 6787.656 7298.562 8712.838 8714.819 8714.819 8714.819 8714.819 8714.819 8709.09 8503.93 8474.768 8474.768 9889.405 13345.98 14658.24 14658.24 14658.24 14658.24 14658.24 12511.62 6429.731 6454.236 6323.482 6490.377 7756.814 9261.808 9261.808 9261.808 9261.808 6250.665 4556.046 4556.046 4556.046 4709.175 6117.722 6666.691
4065.559 4051.894 4051.894 4051.894 4051.894 4977.877 6932.098 7167.234 7167.234 7167.234 7167.234 7167.234 7167.234 7167.234 7167.234 6901.466 5525.108 4555.984 4555.984 4717.705 5822.845 5946.875 5946.875 5946.875 5946.875 5946.875 5946.875 5869.358 5788.934 5575.41 5546.273 5546.273 5546.273 5546.273 5546.273 5546.273 5546.273 5546.273 5546.273 5546.273 5546.273 7247.694 8718.521 8718.521 8718.521 8718.521 8718.521 8718.521 8718.521 8702.923 8783.692 11558.39 14498.63 14664.46 14664.46 14664.46 14664.46 14664.46 14664.46 10167.97 6493.133 6493.133 6493.133 7361.631 9046.84 9265.741 8736.926 7084.23 7257.358 4567.366 4557.98 4557.98 4596.752 6207.792 6669.522 6669.522
4248.278 4053.614 4053.614 4053.614 4053.614 5308.74 7170.277 7170.277 7170.277 7170.277 7170.277 7170.277 7170.277 7170.277 6770.268 5313.349 4558.331 4557.918 4557.918 4557.918 5031.598 5933.194 5949.399 5949.399 5949.399 5949.399 5913.709 5557.968 5548.628 5548.628 5548.628 5548.628 5548.628 5548.628 5548.628 5548.421 5548.628 5548.628 5615.133 6197.191 7478.394 8590.078 8722.222 8722.222 8722.222 8722.222 8722.222 8722.222 8722.222 11474.02 12880.31 14670.69 14670.69 14670.69 14670.69 13826.37 9994.041 13173.02 12974.07 8131.897 6495.89 6495.89 6559.058 7857.44 9269.675 9269.675 7726.669 7244.143 6032.798 6170.666 4559.916 4559.916 5224.458 6672.354 6672.354 6672.354
4640.287 4066.54 4055.33 4076.28 4079.951 5211.912 7173.312 7173.312 7173.312 7173.312 7173.312 7173.312 7173.312 6807.128 4826.5 4570.301 5012.019 4562.361 4559.847 4559.847 4459.464 4329.972 4662.744 5358.475 5951.917 5951.917 5867.884 5550.976 5550.976 5550.976 5538.476 5454.086 5501.442 5414.148 5524.239 5477.612 5479.598 6138.231 6743.856 6755.087 6755.087 7358.202 8725.914 8725.914 8725.914 8648.5 8532.088 8725.914 8725.914 8729.641 8799.119 11723.56 12737.27 10687.43 11085.3 9881.291 8496.6 9623.562 8475.502 6498.662 6498.639 6522.194 8945.882 9201.099 9273.599 9273.599 9273.599 9112.196 8885.828 7224.397 4618.929 5333.919 6455.134 6675.178 6675.178 6675.178
4770.958 4057.749 4057.046 5416.628 6957.888 7007.337 7176.347 7176.347 7176.347 7176.347 7176.347 7176.347 7172.768 7050.466 6244.822 6202.731 6159.806 4811.848 4561.776 4552.648 3877.129 3822.61 3822.61 4121.651 5107.911 5005.828 5221.151 5553.325 5553.325 5553.325 5402.68 5336.488 5336.488 5336.488 5336.488 5348.625 5381.335 5905.101 6727.343 6757.945 6757.945 6610.78 8555.249 8729.605 8729.605 7607.719 6162.107 8729.605 8729.605 8729.605 10773.76 9011.259 7916.94 8474.957 8382.523 8494.493 8350.486 8311.79 8106.607 7841.642 7164.595 7267.716 9277.521 9277.521 9277.521 9277.521 9277.521 9277.521 9277.521 9000.679 7944.977 10081.54 9310.391 7266.253 6678.002 6678.002
4861.587 4110.097 4321.408 4990.342 6162.56 7179.374 7179.374 7179.374 7179.374 7179.374 7179.374 6926.603 6536.258 6267.645 6266.006 6266.006 4619.309 3844.369 4223.679 4185.503 3824.222 3824.222 3824.222 3824.222 3824.222 3824.222 3845.333 4864.384 5469.319 5446.656 5339.625 5338.739 5338.739 5338.739 5338.739 5338.739 5338.739 5476.28 6555.817 6760.796 6760.796 5436.082 6554.645 7901.639 6454.381 6207.88 4903.25 8096.698 8733.287 8784.962 12177.21 8533.898 5897.745 5974.255 7407.269 7523.385 7488.686 7522.398 7488.686 7488.686 7488.686 7490.398 8888.041 9281.436 9281.436 9281.436 9281.436 9281.436 9281.436 9397.049 9762.807 10085.79 10085.79 10090.27 11172.05 13193.04
4880.474 4835.175 4880.474 4880.474 5300.171 7093.611 7182.401 7182.401 7164.725 6706.425 6685.905 6304.256 6268.648 6268.648 6236.066 6257.01 5547.673 3825.835 3825.835 3825.835 3825.835 3825.835 3825.835 3825.835 3825.835 3825.835 3825.835 4606.958 5340.99 5340.99 5340.99 5340.99 5340.99 5340.99 5340.99 5340.99 5340.99 5441.722 6391.921 6763.646 6763.646 6121.926 4674.002 4479.857 4445.53 4441.433 4441.433 4790.139 6513.532 6073.886 6485.653 4905.584 5040.881 6232.19 7490.125 7491.843 7491.843 7491.843 7491.843 7491.843 7491.843 7491.843 8732.387 9285.349 9285.349 9285.349 9285.349 9434.306 9669.432 10053.75 10090.05 10090.05 10586.51 18796.02 27098.28 28599.14
4882.525 4882.525 4882.525 4882.525 4917.555 6700.007 7185.42 6814.256 6535.269 6271.284 6271.284 6271.284 6271.284 6248.808 4493.892 4166.109 3983.543 3827.443 3827.443 3827.443 3827.443 3827.443 3827.443 3827.443 3979.289 3849.011 4338.372 4721.302 4933.512 5343.235 5343.235 5343.235 5343.235 5343.235 5343.235 5343.235 5343.235 6634.708 6766.49 6766.49 6766.49 5659.487 4443.3 4443.3 4443.3 4443.3 4514.657 4890.242 4907.646 4907.646 4907.646 4907.646 5508.239 7461.822 7494.993 7494.993 7494.993 7494.993 7494.993 7494.993 7494.993 7494.993 8003.448 9271.868 9289.252 9289.252 9289.252 9852.948 10094.29 10094.29 10094.29 10094.29 21253.02 28896.56 28896.56 28896.56
4884.577 4884.577 4884.577 4884.577 4457.755 4956.019 5615.792 4496.24 5074.541 6257.465 6273.919 6273.919 6273.919 6273.919 4934.672 3829.052 3829.052 3829.052 3829.052 3829.052 3829.052 3829.052 3829.052 3857.251 4433.864 4519.692 4566.165 4699.883 5287.581 5345.48 5345.48 5345.557 5370.812 5521.85 5370.146 5345.48 5479.428 6662.221 6769.333 6769.333 6519.69 4524.857 4445.167 4445.167 4445.167 4445.167 4554.854 4909.708 4909.708 4909.708 4909.708 4909.708 4909.708 6309.515 7498.142 7498.142 7498.142 7498.142 7498.142 7497.948 7432.978 7498.142 7470.981 8078.821 9114.421 9293.155 9572.939 10086.26 10098.53 10098.53 10098.53 10098.53 26990.96 28908.7 28908.7 28908.7
4404.604 4462.443 4503.114 4501.055 3069.233 2971.882 2971.882 2971.882 2971.882 3446.485 5904.286 6276.547 6276.547 6217.52 4824.1 3830.656 3830.656 3830.656 4037.934 3849.448 3830.656 3830.656 3956.816 4448.009 4568.078 4568.078 4568.078 4906.722 5345.796 5182.692 5335.588 5443.453 5617.745 5624.75 5524.622 5512.482 6279.124 6772.169 6772.169 6772.169 5498.73 4447.03 4447.03 4447.03 4970.478 4574.683 5010.867 5853.035 5009.099 4911.765 4911.765 4911.765 4911.765 5125.34 6893.2 7501.284 7501.284 7501.284 7501.125 6324.704 5428.255 5948.255 5857.866 5409.211 6410.02 9130.226 10049.92 10102.76 10102.76 10102.76 10102.76 14456.47 28749.81 28920.81 28920.81 28920.81
3358.295 3141.949 2988.844 2973.127 2973.127 2973.127 2973.127 2973.127 2973.127 2973.127 3728.129 6060.463 6279.176 6173.252 4274.807 3834.511 3832.26 4289.737 4531.5 4051.328 3832.26 3876.406 4400.965 4569.991 4569.991 4569.991 4569.991 4640.452 4709.863 4569.991 4818.131 5567.598 5628.145 5628.145 5760.836 7431.157 6663.632 6775.005 6775.005 6775.005 5787.557 4448.892 5111.803 4617.218 6081.43 5472.104 5540.081 6418.302 5090.374 5413.781 5578.951 5801.949 6264.141 7448.705 7504.425 7488.98 7475.71 7332.638 7040.613 6177.821 5423.591 5411.477 5411.477 5411.477 5411.477 8680.898 10106.99 10106.99 10106.99 10106.99 10849.52 26520.04 26214.42 26144.5 26705.53 26117.09
3359.697 3358.93 3071.255 2974.368 2974.368 2974.368 2974.368 2974.368 2974.368 2974.368 3062.938 4611.124 4796.358 4684.807 4179.8 3833.881 4006.552 4526.015 4534.119 4533.795 4362.524 4544.826 4571.899 4571.899 4571.899 4571.899 4571.899 4571.899 4571.899 4571.899 5218.393 5630.494 5630.494 5630.494 5630.494 5630.494 5859.666 6472.994 6732.119 6777.834 6547.606 5857.294 6515.82 5891.279 6533.481 6533.481 6533.481 6533.481 6533.481 6533.481 6533.481 6533.481 6686.696 6951.278 7045.138 6941.573 6953.453 6934.89 6934.89 6933.043 5675.247 5413.736 5413.736 5413.736 5706.282 10102.42 10111.21 10111.21 10111.21 10111.21 10707.49 11886.74 11700.28 11634.11 11684.01 11634.11
3237.809 3061.369 2975.61 2975.61 2975.61 2975.61 2975.61 2975.61 2975.61 3191.859 3738.565 4390.426 4390.426 4390.426 4158.928 3958.423 4364.119 4530.574 4536.012 4536.012 4536.012 4562.071 4551.292 4566.113 4573.807 4573.807 4573.807 4573.807 4573.807 4711.238 5381.131 5511.292 5570.124 5632.844 5632.844 5632.844 5632.844 5679.782 5636.339 6205.597 5610.359 5951.439 6536.208 6536.208 6536.208 6536.208 6536.208 6536.208 6536.208 6536.208 6536.208 6536.208 6687.416 6937.785 6937.785 6937.785 6937.785 6937.785 7119.989 7759.546 6668.304 5446.171 5514.853 5419.738 7804.588 10115.43 10115.43 10115.43 10115.43 10118.62 11183.07 11638.97 11638.97 11638.97 11638.97 11638.97
3104.687 2976.849 2976.849 2976.849 2976.849 2976.849 2976.849 2976.849 2976.849 3078.865 3699.825 4392.255 4392.255 4392.255 4392.255 4219.574 4392.255 4466.536 4537.901 4537.901 4537.901 4470.349 4239.422 4158.034 4397.815 4437.722 4573.76 4395.758 4490.682 5162.675 5290.271 5290.271 5297.061 5620.831 5635.191 5635.191 5635.191 5554.409 5369.376 5362.762 5362.762 6126.835 6538.932 6538.932 6538.932 6538.932 6538.932 6538.932 6538.932 6538.932 6538.932 6538.932 7561.713 9187.095 8795.053 8787.153 6961.204 7419.951 6940.68 8424.598 9540.984 8934.774 9568.124 9309.746 9841.675 10119.65 10119.65 10119.65 10119.65 11133.06 11643.82 11643.82 11643.82 11643.82 11643.82 11643.82
2965.26 2914.715 2837.351 2885.016 2978.086 2978.086 2978.086 2978.086 2978.086 2988.084 3563.647 4394.08 4394.08 4394.08 4394.08 4394.08 4432.806 4478.448 4539.787 4539.787 4539.787 4337.451 4060.52 4060.52 4060.52 4065.814 4122.42 4060.52 4356.152 5276.396 5292.469 5292.469 5292.469 5340.026 5434.388 5514.037 5415.128 5375.02 5364.99 5364.99 5412.962 6290.848 6541.648 6541.648 6541.648 6541.648 6541.648 6541.648 6541.648 6541.648 6541.648 6541.648 7436.255 9632.716 9632.716 9632.716 9365.173 9557.879 8937.342 9292.466 9632.716 9632.716 9632.716 10017.48 10123.85 10123.85 10123.85 10123.85 10137.25 11361.14 11648.65 11648.65 11648.65 11648.65 11648.65 11648.65
2770.371 2770.371 2942.874 3191.69 3210.289 3295.307 3112.189 3169.87 3190.316 3639.865 4395.904 4395.904 4395.904 4395.904 4395.904 4395.904 4471.534 4541.671 4541.671 4534.417 4311.812 4071.738 4075.301 4062.206 4062.206 4062.206 4062.206 4062.206 4389.663 5294.667 5294.667 5294.667 5294.667 5294.667 5308.236 5367.005 5367.218 5367.218 5367.218 5367.218 5950.277 6544.364 6544.364 6544.364 6544.364 6544.364 6544.364 6544.364 6544.364 6544.364 6544.364 6544.364 8172.626 9635.885 9636.715 9636.715 9636.715 9636.715 9636.715 9636.715 9636.715 9636.715 9636.715 10140.81 11112.55 11127.04 10644.52 10279.36 10143.66 11463.55 11664.96 11920.89 11653.49 11653.49 11653.49 11653.49
2771.518 2771.518 3347.608 3766.098 3766.098 3766.098 3704.846 3764.635 3766.098 3838.842 4108.939 4397.724 4397.724 4397.724 4397.724 4397.758 4502.519 4543.552 4541.54 4321.824 4201.729 4100.042 4188.246 4063.997 4064.485 4063.888 4063.888 4063.888 4593.126 5264.403 5253.315 5296.859 5296.859 5296.859 5298.257 5364.617 5369.439 5369.439 5369.439 5369.439 5576.946 6518.215 6547.073 6547.073 6547.073 6547.073 6547.073 6547.073 6547.073 6547.073 6546.375 6177.207 7058.059 9640.704 9640.704 9640.704 9640.704 9640.704 9640.704 9640.704 9640.704 9640.704 9640.704 11738.44 12254.86 12254.86 12252.74 13438.9 13688.48 14042.9 14773.86 15549.92 12311.22 12742.87 12193.38 11658.32
2629.507 2327.042 2375.448 3674.75 3767.657 3767.657 3767.657 3767.657 3767.657 3767.657 3893.336 4399.544 4399.544 4399.544 4399.544 4399.544 4403.536 4501.525 4474.801 4212.239 4206.045 4181.06 4206.045 4138.121 4153.539 4065.673 4065.644 4130.567 4224.215 4313.143 4398.797 5023.546 5299.051 5299.051 5299.051 5361.771 5371.662 5371.662 5371.662 5371.662 5402.435 6155.364 6549.783 6549.783 6549.783 6549.783 6549.783 6549.783 6549.783 5931.854 5333.771 5179.135 5980.174 7092.547 6490.763 9057.966 9315.784 8621.364 7138.044 8787.446 9644.234 8834.87 8087.563 11936.12 12259.93 12259.93 12259.93 13662.35 15839.42 15839.42 15839.42 15839.42 16431.57 16597.78 16597.78 14539.56
416.4456 165.8642 1529.28 2477.009 2510.95 3599.058 3769.213 3769.213 3769.213 3769.213 3978.906 4401.361 4401.361 4401.361 4401.361 4401.361 4401.361 4445.628 4497.589 4300.471 4207.783 4207.783 4207.783 4206.293 4197.359 4147.409 4156.539 4207.783 4207.783 4207.783 4867.258 5294.741 5301.24 5304.227 5465.583 5514.671 5373.88 5373.88 5373.88 5373.88 5373.88 5381.84 6300.044 6524.825 7938.742 6608.093 6552.488 6552.488 6347.201 5446.867 5181.274 5181.274 5181.274 5181.274 5191.328 6100.179 5894.02 5703.307 5703.307 5764.831 6105.349 6219.721 5703.307 8943.277 12265 12284.82 13035.47 15267.67 15845.97 15845.97 15845.97 15948.24 16577.42 16604.64 16604.64 16518.26
2774.953 2454.631 1058.455 817.1407 449.562 1350.284 1909.261 2457.791 3371.139 3770.766 3857.32 4397.327 4403.174 4403.174 4403.174 4403.174 4403.174 4403.174 4403.113 4294.801 4209.516 4209.516 4209.516 4209.516 4209.516 4209.516 4209.516 4209.516 4209.516 4209.516 4209.518 4867.587 5436.672 5819.607 5932.417 5779.738 5376.094 5376.094 5376.094 5376.094 5376.094 5376.094 5487.574 5711.153 8814.954 7932.818 8213.104 7816.112 5801.151 5183.408 5183.408 5183.408 5183.408 5183.408 5235.391 5812.479 5713.296 6474.988 6081.318 5705.655 5705.655 5705.655 5705.655 8919.687 12270.05 12305.96 14526.03 15852.49 15852.49 15852.49 15852.49 16330.21 16611.48 16611.48 16611.48 16611.48
2776.095 2785.282 2594.047 3106.875 1812.522 1482.436 3832.486 3301.142 2471.415 3449.291 4118.145 4404.987 4404.987 4404.987 4404.987 4404.987 4404.987 4404.987 4389.9 4225.417 4211.249 4211.249 4211.249 4211.249 4211.249 4211.249 4211.249 4211.249 4211.249 4211.249 4980.922 5717.208 5901.405 5934.859 5934.859 5768.132 5540.729 5378.307 5378.307 5378.307 5378.307 5378.307 6064.445 7562.767 8863.982 8879.109 8879.109 8853.603 5432.703 5185.542 5234.637 5488.027 5208.414 5209.221 5186.685 10946.09 14173.72 12381.99 6891.545 6830.262 5708.004 5708.004 5708.004 8371.056 12275.1 12275.1 13515.26 15820.27 15859.02 15859.02 15986.02 16603.51 16618.31 16618.31 16618.31 16618.31
2777.236 3009.166 3802.553 2388.965 3092.162 4083.749 4091.552 4091.552 4094.112 4317.784 4406.797 4406.797 4406.797 4406.797 4406.797 4406.797 4406.797 4406.797 4406.797 4276.869 4212.979 4212.979 4212.979 4212.979 4212.979 4212.979 4212.979 4212.979 4212.979 4212.979 5256.886 5937.298 5937.298 5937.298 5937.298 5937.298 5583.654 5479.962 5426.257 5380.518 5380.518 5380.518 5380.518 6236.88 8882.758 8882.758 8653.022 6564.247 5227.087 5728.066 5834.03 5919.245 5890.228 5890.268 12796.09 16251.8 16733.55 16730.58 16714.11 16723.55 15955.6 13137.85 7010.45 8194.435 11931.97 12280.15 13026.76 15861.75 15865.54 15865.54 15475.4 14710.19 16009.81 16625.14 16625.14 16625.14
2778.374 2793.277 3512.069 4093.228 4093.228 4093.228 4093.228 4093.228 3637.022 3970.167 4408.603 4408.603 4408.603 4408.603 4408.603 4408.603 4408.603 4363.81 4245.827 4216.429 4214.706 4214.706 4214.706 4214.706 4153.92 4211.594 4214.706 5052.52 5763.581 4963.452 5424.935 5939.731 5939.731 5939.731 5939.731 5939.731 5938.825 5935.141 5399.364 5171.223 5018.669 5813.074 5657.94 7246.459 8886.397 8877.95 6579.426 5746.368 5807.768 5921.671 5921.671 5921.671 5921.671 7197.097 16482.86 16740.41 16740.41 16740.41 16740.41 16740.41 14964.88 7930.441 7759.945 8063.309 12272.15 12285.18 12469.46 15703.74 15872.04 15872.04 14710.01 13294.77 13720.71 14907.56 15820.6 15932.41
2779.512 2779.512 2781.154 3976.212 4045.11 3407.778 3319.799 2895.892 1848.542 1873.237 2368.422 4288.805 4410.409 4410.409 4410.409 4410.409 4410.409 4322.931 4216.432 4216.432 4216.432 4209.011 4066.489 4012.768 3933.312 4005.799 4404.38 5857.911 5942.164 5942.164 5942.164 5942.164 5942.164 5942.164 5942.164 5942.164 5942.164 5610.272 4683.4 4682.805 5225.871 8688.314 8850.319 8890.037 8890.037 8890.037 7939.098 6971.601 5924.096 5924.096 5924.096 5878.885 5723.95 6243.572 16014.73 16747.27 16747.27 16747.27 16747.27 16747.27 12304.64 7763.123 7763.123 8938.736 12290.21 12290.21 12702.93 15687.22 15878.54 15637.57 14167.93 13300.21 13300.21 13300.21 13422.67 13320.47
2371.136 2298.66 2777.567 3273.829 3253.299 2159.493 1805.155 1805.155 1805.155 1805.155 1805.155 4221.718 4412.212 4412.212 4412.212 4412.212 4412.212 4400.266 4268.93 4218.156 4212.402 3993.698 3892.496 3892.496 3892.496 3892.496 4700.881 5944.594 5944.594 5944.594 5944.594 5944.594 5944.594 5944.594 5783.905 5749.028 5910.058 5166.547 4684.72 4684.72 5107.019 8854.053 8893.673 8893.673 8893.673 8893.673 8893.673 7371.3 5926.518 5926.518 5926.518 5727.468 5506.28 5506.28 7510.345 8002.005 15134.2 12217.69 16724.91 15569.57 8620.801 7766.297 7779.625 10499.09 12298.78 12295.23 12370.67 15004.05 14806.88 13678.06 13305.65 13305.65 13305.65 13305.65 13304.44 12919.79
1235.278 1038.068 1490.75 2187.943 2008.288 1805.892 1805.892 1805.892 1805.892 1805.892 1805.892 2873.354 3763.983 3419.181 4302.456 4414.013 4414.013 4401.384 4006.637 3309.995 3943.704 3886.531 3894.085 3894.085 3894.085 3894.085 4363.702 5908.855 5947.02 5947.02 5947.02 5947.02 5916.682 5646.702 5239.805 5237.772 5193.123 4686.632 4686.632 4686.632 5525.221 8853.345 8897.303 8241.814 6844.832 8310.79 8897.303 7299.936 5928.938 5928.938 5992.538 5837.246 5559.659 5508.527 5599.294 5524.202 5508.527 5508.527 11127.17 11444.15 7769.467 7769.467 8460.126 12443.29 12417.42 12418.26 13270.87 14636.75 13286.12 13178.79 13310.33 13311.08 13311.08 13410.5 13651.22 10596.83
1038.491 1038.491 1038.491 1245.883 1560.451 1806.628 1806.628 1806.628 1806.628 1806.628 1806.628 1806.628 1806.628 1886.635 3758.96 3866.304 3232.958 2740.748 2391.884 2626.928 2946.439 3329.287 3895.672 3895.672 3895.672 3895.672 3895.672 5306.364 5949.443 5949.443 5949.443 5949.443 5746.292 5257.578 5239.484 5239.484 5209.048 4770.802 4688.542 4688.542 4688.542 6438.836 8290.941 4333.391 4004.501 4089.141 6740.656 8068.657 5993.357 5962.22 6134.627 6397.288 6296.957 6058.336 6380.154 5826.93 5510.772 5510.772 7176.129 7772.633 7772.633 7772.633 7852.656 11993.41 12448.36 12448.36 12448.36 12448.36 12460.87 12453.05 12663.92 13144.32 13519.69 15399.15 16573.73 14883.3
1038.913 1038.913 1038.913 1038.913 1046.358 1799.333 1807.362 1807.362 1807.362 1807.362 1807.362 1807.362 1810.495 2153.72 2364.367 2364.367 2364.367 2364.367 2364.367 2364.367 2364.367 3076.852 3897.254 3985.716 4044.166 5591.896 5460.054 5845.032 5951.86 5951.86 5951.86 5951.86 5951.86 5527.726 5241.612 5241.612 5241.612 4863.086 4732.004 4690.447 4896.536 5292.235 5947.443 4168.702 4006.128 4006.128 4006.128 4552.836 6417.711 6362.901 6437.482 6437.482 6437.482 6437.482 6437.482 6340.884 6280.371 7102.652 8361.127 8353.668 7827.699 7775.791 9232.426 12414.15 12453.41 12453.41 12453.41 12453.41 12453.41 12453.41 12453.41 14086 16132.35 16580.46 16580.46 16580.46
1039.335 1039.335 1039.335 1312.599 1488.105 1803.144 1808.096 1808.096 1808.096 1808.096 1808.096 1808.096 1808.096 1910.498 2304.429 2365.327 2365.327 2365.327 2365.327 2365.327 2691.359 4069.165 5171.934 5665.494 5931.196 5954.277 5954.277 5954.277 5954.277 5954.277 5954.277 5954.277 5954.277 5669.661 5243.741 5243.741 5243.741 5080.916 5165.748 4983.367 5046.36 5243.741 5243.741 4524.02 4007.754 4007.754 4007.754 4007.76 5938.069 6440.096 6440.096 6440.096 6440.096 6440.096 6440.096 6440.096 7868.033 9022.605 8912.704 8912.704 8830.973 8532.086 8604.734 12233.92 12458.47 12458.47 12458.47 12458.47 12458.47 12458.47 12900.66 15963.19 16587.19 16587.19 16587.19 16587.19
1039.756 1039.756 1039.756 1375.733 1712.142 1808.828 1808.828 1808.828 1808.828 1808.828 1808.828 1808.828 1879.426 2058.908 2355.932 2366.286 2366.286 2366.286 2366.286 2366.286 2402.063 4804.396 5956.691 5956.691 5956.691 5956.691 5956.691 5956.691 5956.691 5956.691 5956.691 5956.691 5939.331 5549.738 5245.867 5245.867 5245.867 5245.867 5245.867 5245.867 5245.867 5245.867 5245.867 4813.726 4009.379 4009.379 4009.379 4759.274 6511.534 6442.707 6442.707 6442.707 6442.707 6442.707 6442.707 6579.918 10305.53 12727.24 9676.808 8916.317 8916.317 8916.317 8916.317 11857.23 12463.52 12463.52 12463.52 12463.52 12463.52 12463.52 15592.63 19412.42 19873.87 17487.22 16593.92 16593.92
