indp95ag.asc
ncols         816
nrows         816
xllcorner     65
yllcorner     5
cellsize      0.0416666666667
NODATA_value  -9999
[rows 510 to 543 of 816, columns 304 to 379 of 816]
3843.754 3843.754 3838.364 3799.675 3817.661 3823.906 4337.398 3787.66 3981.441 3934.29 4006.851 4349.072 4391.641 4532.611 4568.487 5208.888 5216.11 4066.636 4644.64 6134.231 4881.345 4324.013 4170.535 4109.299 4065.201 3873.485 3687.108 3616.931 3164.792 3736.267 4005.439 4005.439 3946.338 4172.111 7798.265 8069.648 7949.337 4634.809 3846.545 3846.545 4332.292 5010.931 4463.182 4992.624 5991.832 5705.456 5635.984 5504.208 5294.007 5390.044 6168.472 6444.204 6169.558 5383.889 3594.417 3300.81 3300.81 3297.762 3043.64 1566.754 1151.901 1516.281 3574.895 3970.232 3921.649 1095.245 471.0683 2317.49 1675.904 3721.167 1293.303 1412.182 1589.277 3020.963 2758.467 2778.646
3920.186 4091.599 3872.423 3819.503 3818.548 5376.781 6261.312 5968.125 4318.753 3788.54 3788.54 4135.417 4357.568 4450.89 4549.445 5024.318 6448.673 5456.489 6175.675 6551.119 5766.125 4766.629 4877.413 4047.025 5573.515 4153.395 3724.58 2808.185 2717.71 3360.108 4001.881 4014.901 4587.136 5265.438 7554.665 7874.59 5403.469 4034.099 4009.299 3950.227 3886.41 4151.985 4151.985 4249.022 5289.982 5196.641 5196.613 5196.613 5403.643 5473.355 5694.217 5946.363 5796.831 5796.831 5394.995 5124.661 5806.264 3562.413 1901.344 1883.999 1897.699 1901.344 2039.204 4876.007 4876.007 4606.487 2446.507 2687.139 2687.139 5348.072 8197.793 6747.499 1936.902 1965.05 1589.646 1589.646
5587.762 4729.207 4491.41 3845.904 4227.49 6060.839 6600.225 6600.225 6447.187 7478.75 6599.687 6117.918 5030.992 5279.121 4460.096 4774.323 6454.064 16480.54 14238.8 6895.911 6895.911 7775.382 8747.274 8733.118 8782.426 4313.522 2718.342 2718.342 2718.342 2837.03 4233.377 4460.118 4629.598 5085.255 5231.017 5323.094 4066.584 4066.584 4066.584 3783.912 3676.006 4095.148 4152.949 4152.949 4382.457 5119.162 5276.61 5307.616 5645.217 5563.277 5694.104 5746.021 5696.806 5798.177 6598.978 8143.558 8284.148 5666.11 1901.785 1901.785 1901.785 1987.357 3242.698 4877.14 4877.14 4538.899 2715.132 2687.763 2687.763 2806.696 6767.844 5285.062 1590.015 1590.015 1590.015 1590.015
4948.172 4889.802 4418.815 4217.211 4754.952 6552.213 6601.751 6601.751 6642.843 11818.77 12856.86 12813.65 12165.57 10166.49 7418.479 6479.321 6495.358 34401.22 38506.36 6898.034 7198.813 8892.322 9120.704 9120.704 7328.184 3281.07 3104.014 2795.911 2741.527 3533.09 4508.403 4508.403 4586.969 5072.353 5094.63 4968.397 3965.964 3890.233 3904.319 3620.924 3602.283 3851.61 4153.91 4153.91 4219.789 4799.864 5518.153 5686.029 5686.029 5579.983 5558.646 5558.646 5558.911 6395.077 7378.117 8286.063 8286.063 3150.595 1902.225 1902.225 1902.225 3213.095 4878.267 4878.267 4878.267 4855.929 3520.822 2688.384 2688.384 3554.291 8209.727 7720.21 2282.24 1590.383 1590.383 1590.383
4901.149 4901.149 4535.971 4231.087 4480.968 5327.047 5969.503 5731.18 5689.389 8549.096 12859.82 11780.01 10473.45 10438.92 9997.016 8149.114 6568.353 34241.77 34700.23 6907.92 27727.59 16258.16 16166.58 24182.3 20339.89 3309.06 3309.06 3277.73 3938.617 6051.112 4998.522 4509.443 4509.604 4743.315 5040.483 4760.634 3725.154 3578.928 3560.223 3602.445 3603.114 3863.654 4645.609 4520.12 4869.167 4874.847 5404.786 5687.341 5687.341 5616.294 5534.244 5644.151 6890.052 7942.263 8209.984 7557.023 7069.059 4911.728 1902.664 1902.664 2258.882 3532.039 4015.401 3990.497 4733.729 4879.393 4845.841 3017.785 3877.668 6088.769 7457.174 8211.62 2591.202 1546.849 1478.872 1511.5
4794.67 4371.205 4254.743 4330.487 4449.671 4836.084 4997.398 5352.433 5533.002 8111.891 12301.22 12496.48 10451.59 10441.32 12054.51 12649.12 15784.91 46838.98 49016.55 41054.2 47625.16 48014.55 33659.25 28661.41 21705.99 3378.094 3315.129 3404.499 5245.488 7068.327 7059.365 6952.667 5617.194 4515.786 3380.411 3405.572 3519.372 3533.012 3533.016 3560.671 3602.863 3991.804 4875.969 4875.969 4983.04 5000.844 5457.978 5686.134 5606.903 5458.718 5391.386 5368.103 5241.583 5515.459 7002.352 5690.715 5605.19 5085.938 3345.961 3315.742 3195.1 3713.365 3655.026 3655.026 4428.793 3904.808 4493.468 4820.457 5064.93 7921.578 8213.511 8213.511 3772.264 1455.406 1395.777 1395.777
3752.7 4582.55 4863.784 4948.33 4874.492 4940.223 5137.421 5205.892 5447.278 5647.434 5888.944 9432.374 9452.371 14477.02 21757.09 24145.28 24185.14 38719.06 55817.1 50735.89 48025.56 40260.46 27221.98 27589.08 21013.28 6814.276 3733.09 3731.512 5321.666 7045.983 7069.947 7069.947 6762.653 4025.143 3330.825 3330.825 3331.542 3509.443 3696.051 3538.25 4492.817 4948.874 5529.066 5471.596 5561.892 5100.506 5157.922 5214.021 5357.469 5369.333 5369.333 5352.555 5110.812 5140.436 5550.846 5606.475 5606.475 5048.174 4255.877 3722.061 3722.061 3704.271 3849.246 4037.334 3659.132 3655.863 3655.863 3504.333 2475.165 6391.881 8215.393 8215.393 7385.165 2778.86 1396.097 1396.097
4479.17 5699.486 5692.937 5716.265 5809.293 6100.92 5679.291 5679.291 5673.79 5681.43 5834.617 5869.152 5837.452 18767.51 23159.47 23953.37 24326.34 30712.37 58860.32 383953.8 287158.9 23769.79 18845.7 16071.46 13263.63 6690.31 3744.142 3744.142 4297.029 4607.832 6900.318 4999.516 3618.599 3410.122 3371.156 3334.291 3331.588 3723.682 3997.304 3883.273 4001.168 4914.55 5588.247 5588.247 5052.056 4719.627 4714.045 4714.045 4880.069 5134.947 5265.312 5226.457 5106.131 5106.131 5170.092 5569.731 5261.726 4931.691 4859.219 4440.859 3917.441 4411.934 4686.271 5072.304 4639.977 3541.499 2658.208 2168.396 2160.705 2624.128 7930.032 8158.612 8160.909 6260.878 1396.417 1396.417
3728.124 3928.937 4028.08 5289.655 5727.115 6423.55 6266.907 5905.315 5588.199 5148.77 5468.792 4371.119 5203.44 5707.783 5337.742 16239.38 27247.1 101789.6 292642.9 608138.8 287973.3 22982 21002.43 13899.25 12858.29 10817.52 3761.415 3957.441 3987.657 4698.136 6155.277 3851.644 3439.131 3439.131 3439.131 3381.508 3465.501 3982.888 3999.532 3999.532 3999.532 3992.429 4187.506 4441.877 4640.75 4715.123 4693.716 4605.76 4564.506 4606.876 4963.682 5107.298 5107.298 5105.893 4676.659 5271.489 4919.898 4919.898 4919.898 5372.528 11646.08 9401.846 5073.463 4994.291 3830.392 2661.235 2245.502 2267.969 2212.026 2218.928 3099.065 3700.09 4061.619 3733.801 1914.858 2395.81
3561.635 3704.078 3926.065 3926.065 4173.217 6404.413 6426.656 6078.541 3988.585 3755.073 3833.495 3755.073 3825.264 4564.103 4860.46 4860.46 21098.06 124359.2 605880.9 545835.8 316043.2 32337.67 12962.36 6100.208 5979.04 4519.626 4257.691 4320.139 4320.139 4592.859 4327.887 3439.913 3439.913 3575.361 3638.068 3447.292 3612.176 4040.039 3937.075 3946.039 3986.174 3967.831 3927.733 3916.135 4127.829 4602.189 4607.013 4567.539 4564.696 4564.696 4796.999 5108.46 4973.323 4360.642 4081.523 4288.234 4685.006 4853.236 6247.62 6810.757 9444.768 20512.48 15282.55 14979.8 9190.549 2611.019 2611.019 2611.019 2270.79 2207.118 3093.577 3093.577 3093.577 3093.577 3180.308 3418.288
3562.445 3510.079 3823.681 3926.958 4206.038 5685.371 6231.527 4281.596 4188.194 3842.02 3755.927 3755.927 3906.645 4785.776 4861.566 4861.566 21714.89 31141.28 99208.16 40282.15 40443.96 24347.31 5900.393 5900.393 5900.393 5412.593 4485.291 4321.122 4321.122 4405.958 4353.375 3914.422 3629.817 4030.156 4232.036 4178.22 4232.036 4269.337 4113.672 3944.484 3826.76 3816.88 3818.303 3902.204 3917.025 3923.989 4192.089 4580.207 4587.047 4586.084 4580.35 4477.005 4272.003 4082.451 4081.81 4078.959 4076.651 4093.565 5407.545 6945.548 12934.37 20847.04 20847.04 18004.18 9170.979 3661.547 2611.613 3349.669 2352.825 2164.919 2648.006 3126.046 3094.281 3340.511 4194.206 4938.989
3323.48 2519.815 3210.142 3927.847 5269.622 4871.968 5520.552 4240.375 4240.375 3961.516 3732.38 3679.248 3829.227 4886.596 5245.155 7017.612 9781.224 9512.381 34537.18 40453.11 40453.11 21957.45 5901.729 5901.729 5873.255 5486.206 4613.897 4489.109 4492.84 4537.873 4544.885 4528.623 4274.187 4234.258 4233.53 4294.705 4270.537 4513.974 4580.927 4199.7 3821.706 3817.744 4036.878 6423.027 7108.066 4963.275 4634.502 4633.95 4635.749 4625.78 4551.43 4169.626 4084.882 4025.918 3757.518 3682.41 3682.602 5186.048 6907.664 7284.79 17714.03 20851.76 17605.36 7238.893 6090.021 5400.797 5783.232 5646.262 2440.688 3130.161 3908.51 3621.716 3522.987 3730.057 4637.598 4940.107
2460.02 2460.02 2844.615 3700.074 3741.751 3714.512 3763.721 4148.575 4241.335 3925.796 3582.299 3579.39 3627.137 4194.646 7657.684 8019.243 7844.59 8019.243 14890.52 16610.64 15163.35 7053.784 5041.606 5178.31 4963.606 4712.807 4661.762 4595.073 4545.914 4545.914 4545.914 4522.786 4398.644 4380.397 4342.689 4398.644 4483.393 4591.072 4584.099 4567.89 4213.997 5015.978 6739.262 6551.212 12680.89 13524.13 8918.781 4636.798 4636.798 4585.351 4454.533 4454.318 4435.204 3905.979 3633.056 3633.056 3633.056 4810.222 6789.024 9391.445 19474.57 14368.85 6246.506 6091.399 6240.206 6686.073 6965.671 5770.041 3935.536 5690.603 4922.951 3734.344 3734.344 3734.667 4934.01 4941.225
2752.16 2922.959 2846.498 3715.349 3715.349 3715.349 3715.349 3987.965 4131.267 4087.417 3692.374 3578.535 3578.72 4434.294 5137.967 7034.891 4525.936 4736.131 4411.142 4013.769 4173.403 4715.325 4715.325 4407.633 3561.961 3622.835 3298.66 3643.399 3893.142 3397.978 3222.854 3954.893 4366.756 4385.618 4399.635 4405.352 4578.13 4592.107 4573.374 4568.587 4566.424 7711.148 7361.786 4583.886 10667.34 13527.18 8269.775 5105.748 4944.952 4579.631 4455.537 4455.442 4288.341 3680.067 3633.875 3633.875 3717.698 4852.877 6135.687 6267.382 8030.518 4830.66 5273.395 6069.766 6491.046 6765.92 6947.457 5838.503 4596.74 5787.916 5737.45 4031.337 3739.733 3811.973 4569.08 4903.84
4992.467 5286.603 4747.17 4180.043 4091.91 4017.662 3760.584 3716.184 4406.158 4636.456 3974.458 3579.339 4798.284 5421.16 5412.121 4490.932 4100.536 4100.536 4100.536 3710.316 3261.464 4350.492 4685.105 3769.277 2708.969 2708.969 2714.469 2824.466 2825.704 2825.704 2825.704 2827.277 3238.595 3975.343 4258.225 4496.792 4593.139 5438.727 5499.513 4721.803 4626.232 7709.153 6000.743 4584.916 6353.441 13206.13 11460.46 5869.163 5327.838 4826.763 5487.029 4713.449 4332.792 3970.042 3634.692 3670.873 3981.16 4067.333 4745.528 5890.662 6020.492 4831.746 4831.746 5328.479 6560.785 6675.445 6788.276 6630.966 5706.045 6122.461 6075.287 3912.104 3790.56 3877.971 3877.971 4197.667
5187.206 5291.25 4697.886 4257.138 4257.138 4262.587 4246.273 3988.155 4680.925 4587.962 4119.34 4177.472 5559.682 5466.22 5422.375 5094.154 4213.776 3974.046 3538.426 3507.34 3237.412 3237.412 4000.394 3761.329 2863.493 2709.576 2709.576 2731.857 2802.336 2826.338 2826.338 3063.615 3239.734 3374.941 3241.25 3769.355 9181.152 10747.28 10298.24 9931.362 4202.308 6596.265 7398.906 4647.592 4502.917 9505.996 13533.26 7011.957 5325.851 5216.533 5977.327 4517.536 4333.764 4285.252 4184.321 3991.259 4050.048 4050.048 4050.048 5568.744 6047.488 4832.83 4787.484 4590.963 6347.94 6642.815 6413.075 5929.188 6441.472 6776.203 6776.203 5622.626 3829.735 3879.64 3878.841 3878.841
4288.783 5284.038 4696.536 4262.878 4327.368 4388.349 4497.733 4671.259 4703.955 4958.419 6261.52 6378.878 6378.878 6168.957 5911.903 5706.306 4762.752 3455.372 3238.136 3238.136 3238.136 3238.111 3034.768 3030.658 2905.088 2710.182 2710.182 2710.182 2793.334 2828.177 3782.226 3413.624 3241.975 3241.975 3241.975 8163.58 10859.6 10859.6 10859.6 9601.21 3469.362 3847.612 3881.663 3792.12 4063.198 5205.864 9753.566 6544.191 4935.83 5719.943 5972.224 4737.568 4334.733 5002.926 7274.017 5988.296 4069.599 4050.954 4050.954 5493.845 5778.423 4808.016 4209.036 4036.585 4139.489 4745.352 5922.338 5851.954 6433.271 6777.719 6777.719 6108.551 5531.795 5171.929 4815.75 4209.656
5394.93 5805.997 4881.877 4327.545 4425.057 4425.06 4494.846 4702.986 4705.005 5635.955 6380.302 6380.302 6380.302 6350.296 5136.669 3676.105 3864.053 3354.261 3236.384 3239.101 3234.271 3035.313 3004.271 3004.271 3003.859 2948.119 2778.922 2758.523 2874.542 2947.46 3736.282 4378.191 4266.26 4121.234 3245.907 8556.933 9690.177 10671.04 10862.03 7000.731 3470.136 3470.136 3539.64 3949.533 4036.117 4376.447 4490.292 4495.525 4538.826 4828.814 5198.941 6225.919 5906.277 6982.892 7617.088 7617.088 6490.389 4234.708 4063.114 5627.747 6137.793 5008.784 4530.975 4086.981 4037.486 4604.718 5961.837 6013.447 6027.452 6615.031 6093.713 4397.273 4621.556 5183.901 5164.665 4235.738
6141.712 6413.666 5175.119 4292.59 4358.156 4398.215 4426.043 4461.096 4392.797 4730.407 5360.81 4284.176 5479.285 6274.583 4251.639 3545.455 3545.455 3353.708 3110.326 3352.925 3428.95 3214.782 3015.634 3004.938 3004.938 2929.756 2962.42 2916.3 2952.665 2954.182 2991.095 3641.135 4612.752 4612.752 3857.924 3321.828 3323.855 3623.167 8121.854 10176.7 3644.577 3588.581 3470.907 3827.189 4330.508 10316.12 4869.351 4509.906 4889.471 5266.934 6205.665 6552.945 6545.656 6872.16 7618.78 7618.78 7618.78 5061.423 5652.496 6067.934 6225.14 6284.166 6284.166 4645.488 5436.667 6936.653 6238.214 5983.256 5897.187 5883.883 4740.945 4073.906 4089.482 4919.059 5162.424 5008.92
6363.88 6123.781 4317.626 4293.544 4293.544 4318.582 4406.464 4427.026 4341.732 4320.415 4003.176 3838.106 4596.181 4576.93 4183.733 3546.242 3506.291 3139.63 3085.794 3126.757 3444.849 3444.849 3426.905 3359.042 2954.62 2523.339 2567.855 2842.413 2954.838 2954.838 3234.207 3624.883 4488.073 4613.776 3978.51 3302.9 3262.81 3324.594 3324.594 4741.102 4826.326 4194.119 4085.946 4132.026 4148.751 10635.13 6980.436 4574.52 5158.038 5378.114 5508.28 8408.992 8000.912 6873.146 7620.472 7620.472 7571.997 6252.204 6063.295 6148.597 6265.826 6286.996 6287.032 5921.318 7175.21 7960.724 7926.619 5285.822 3616.74 3808.453 4950.33 4074.811 4074.811 4696.541 5049.615 5133.292
6185.121 6081.98 4294.496 4294.496 4294.496 4294.496 4315.346 4418.271 4339.722 4285.042 3839.427 3838.957 3838.957 3838.957 3816.866 3548.13 3392.234 3095.159 3086.478 3097.555 3442.137 3445.613 3445.613 3218.96 3028.31 2854.006 2504.551 2510.726 2667.692 2876.729 2820.583 2796.088 2927.72 3086.321 2619.205 2601.778 2699.308 3399.098 3586.627 4061.57 4235.708 4652.607 5015.143 6322.658 7493.156 11242.14 9780.498 4575.777 5037.222 5379.305 5956.099 9323.494 9435.739 6107.303 6118.058 7097.764 6529.504 6053.699 6053.699 6072.451 6259.133 6268.138 6292.181 6478.723 7813.811 7962.488 5651.503 3529.459 3529.459 3586.969 4168.723 4093.405 4574.209 4737.986 5008.375 5273.977
5798.949 5512.462 4646.465 4528.798 4417.279 4394.789 4340.298 4450.285 4334.718 4332.14 4064.91 3839.804 3839.804 4247.042 5337.265 4475.599 3087.159 3087.159 3086.904 3136.804 3446.373 3440.802 3232.672 3030.861 3028.978 2861.151 2810.03 2505.104 2505.104 2756.486 2796.704 2796.704 2791.943 2629.478 2564.46 2564.46 2585.62 3570.279 3735.65 3955.945 4133.887 4606.184 4976.04 8458.762 12690.09 12690.09 12420.19 5992.131 4718.616 5380.492 6493.612 9322.558 6319.156 4960.895 3069.738 3085.993 4999.742 5925.919 6055.034 6055.034 6057.103 6257.173 6293.569 7417.721 8766.441 7052.974 4427.908 3531.255 3530.238 4529.792 5823.579 5278.607 4988.711 4927.879 5348.539 8197.063
5682.156 5420.645 4729.684 4690.881 4616.425 4599.94 4599.94 4483.624 4333.686 5403.087 6388.15 5270.846 5796.604 5970.678 5616.985 3866.486 3050.985 2998.624 2909.166 2857.741 2823.523 3128.23 3340.268 2836.494 3029.646 3029.646 2988.509 2505.656 2505.656 2511.319 2693.593 2797.321 2732.684 2565.025 2565.025 2565.025 2598.428 3655.692 3732.116 3737.042 4139.964 4237.682 4491.361 9121.008 12315.88 9737.439 10817.03 7788.66 4784.682 4944.882 4815.5 5178.445 3687.647 3071.705 3070.415 3070.415 3070.415 4428.78 4945.593 5955.105 6491.062 7141.646 7925.772 8647.829 9310.381 6345.372 5108 4188.467 3531.016 3758.859 5379.845 5908.468 5626.966 4967.342 6147.175 8797.305
5436.846 5222.813 4839.127 4839.127 4771.261 5595.015 5272.271 13696.44 13208 9972.688 6786.887 6786.887 6576.249 3579.59 2620.735 2620.735 2629.319 2620.735 2699.348 2542.562 2405.885 2405.885 2423.238 2728.796 2938.734 3029.456 2991.412 2506.206 2506.206 2522.037 2656.684 2797.935 2675.403 2575.129 2744.78 2810.109 3142.865 3702.891 3722.533 3737.294 3853.494 4204.507 4456.107 6710.637 7363.89 5297.958 3177.942 3636.344 4578.8 4563.573 4042.498 3942.075 3942.075 3232.531 3071.089 3071.089 3071.089 2824.432 3991.692 4197.329 6671.688 5561.031 8046.43 9312.425 8422.386 5391.743 5109.122 5078.527 4432.923 4232.519 5293.325 5908.236 5896.875 5873.649 6536.255 8463.171
6631.621 4827.782 4809.499 4692.544 4904.586 7217.277 16122.28 16930.68 15629.45 16313.05 7816.362 6745.458 6533.993 2927.594 2630.019 2621.309 2621.309 2621.309 2778.234 3017.161 2406.412 2406.412 2406.412 2406.412 2257.555 2385.87 3559.887 3466.368 3922.864 4669.377 4609.071 4003.751 3586.628 2686.272 2828.041 2828.041 3494.769 3703.702 3719.827 3738.112 3738.112 4012.136 4311.843 4740.774 3621.291 3178.637 3178.637 3588.265 4579.803 4579.803 4407.881 3944.361 3942.939 3813.374 3071.761 3071.761 2890.289 2099.664 3507.053 3689.414 3386.313 3386.313 3634.873 8915.202 6690.609 5756.536 5459.876 5160.52 6358.002 4783.691 4789.695 4872.4 5085.728 5505.932 5162.754 6817.369
6192.056 4822.429 4626.345 4384.387 14555.15 12494.64 16439.47 13919.32 6874.692 6042.017 5377.853 4598.952 4219.699 3011.632 2905.097 2676.004 2621.881 2830.427 4051.322 3904.442 2447.782 2406.937 2358.497 2342.515 2192.038 2371.867 2829.847 4520.505 4831.781 4831.781 4831.781 4831.781 4761.728 3167.029 2828.659 2829.918 3618.517 3704.511 3704.519 3736.071 3737.092 3743.962 3441.144 3179.332 3179.332 3179.332 3179.332 3184.544 4792.032 5031.641 5523.579 4911.969 4249.434 3320.271 3072.432 2953.474 2095.637 2046.907 3727.039 3765.66 3387.053 3387.053 3387.053 4782.283 6388.36 6388.36 6388.36 6709.849 8995.559 5011.171 4784.736 5219.331 8275.086 5168.282 5163.667 5344.73
5045.187 4821.35 4754.513 4394.939 7972.81 13835.53 9851.712 4815.304 4785.886 4773.361 4773.361 3521.817 3012.288 3012.288 3106.877 3152.769 3323.012 4022.028 4181.382 4181.382 3277.874 2279.822 2236.574 2202.075 2318.398 2527.399 2582.548 3337.718 4472.108 4478.602 4077.98 4508.252 4781.813 4007.956 2829.275 3089.703 3684.258 3449.942 1391.38 3446.128 3717.365 3685.203 3277.591 3180.024 3180.024 3210.652 4229.98 4741.958 5546.161 5555.598 5555.598 4924.516 4441.59 3031.265 3036.485 2314.869 2029.367 3477.691 4264.688 3799.221 3404.259 3387.791 3387.791 3628.695 6322.896 6389.752 7268.979 9185.97 9418.828 8220.107 5193.949 8692.891 9366.083 5421.397 5566.948 6925.176
4822.398 4822.398 4742.6 4347.422 4386.295 4415.457 4855.932 4863.59 4643.766 4603.056 4689.215 3182.294 3477.518 3161.164 3125.376 3276.669 3334.103 4070.739 4182.291 4182.291 4022.081 2276.945 2177.264 2177.264 2275.472 2550.683 2583.11 2583.11 3044.499 2832.811 2039.128 2311.489 2599.204 1806.576 1938.13 2409.278 1887.798 2246.832 1012.948 1488.489 3594.829 3450.979 3659.289 4937.691 5283.227 4868.471 5057.229 5133.343 5551.481 5556.806 5374.377 4528.828 4442.555 3182.34 2058.51 2029.808 2375.539 3188.746 4281.056 4281.056 4221.066 5330.767 5252.539 5536.486 6696.214 6388.501 8485.795 9407.831 9420.876 9452.07 9320.403 10218.88 10089.17 8260.045 8258.139 8258.139
3884.606 4032.808 4309.062 4157.515 4450.94 4782.185 4900.505 4831.341 4491.198 4468.912 4596.689 4767.554 4710.832 4677.478 3488.956 3277.379 3277.379 3524.787 4074.946 4102.513 3057.406 2177.736 2177.736 2177.736 2276.683 2567.825 2583.67 2583.67 2575.337 1791.382 1756.673 1756.673 1821.076 1753.315 924.3986 185.7118 428.3619 226.18 113.5778 1681.652 5314.401 5982.001 5840.341 6080.434 6080.434 5631.535 5058.325 5058.325 5231.161 5486.005 5950.865 4550.241 4443.519 3956.466 2972.546 2056.395 5821.377 4619.567 4763.827 6426.438 6910.777 6917.583 6816.675 7043.097 6487.623 5831.624 5814.159 6101.857 7277.225 9782.658 62385.04 144187.2 26599.39 8276.325 8259.929 8243.799
3249.071 3317.26 3929.149 4052.756 4428.513 4428.541 4852.016 4854.038 4507.351 4469.879 4691.562 4852.439 4852.439 4852.439 3953.78 3606.757 3903.444 4363.898 3592.518 2726.182 2178.239 2192.596 2274.513 2330.749 2412.624 2534.3 2573.903 2607.301 2613.882 2294.709 1757.053 1757.053 1757.053 1757.053 1467.194 805.654 632.5016 165.8913 2962.048 7525.444 7525.444 7525.444 6866.686 6719.471 6023.565 5424.562 5059.419 5056.455 3801.728 5050.974 6704.913 7473.363 6334.726 5448.28 5617.99 3128.945 6571.941 6957.967 7168.606 7645.127 6642.419 6469.822 6302.625 6908.336 6532.794 5821.821 5809.617 6867.997 5068.375 7044.33 177240.1 222974.8 89937.76 16111.28 10089.06 8582.837
3249.772 3348.908 3979.262 3992.752 4271.73 3881.982 3953.312 3668.898 4032.15 3961.568 4621.559 4853.311 4853.487 5270.393 6066.415 6125.568 5988.013 4136.672 3639.404 2866.843 2407.112 2451.96 2479.891 2480.275 2503.873 2600.409 2622.991 2358.195 2249.48 2148.245 2516.587 2155.921 1777.656 1568.94 1757.432 1757.432 1328.005 1283.642 4070.449 6534.119 7437.127 7297.237 7527.067 7480.687 5188.009 4601.06 4236.349 3757.418 3429.442 3808.83 6330.087 7508.023 7508.023 7313.726 6387.276 4082.284 5155.487 8630.638 9031.375 10451.13 6832.854 6248.314 6248.853 6668.813 6555.037 5851.229 6588.873 13550.3 8895.199 5147.222 21818.79 102758.4 40961.09 22079.49 12349.37 10410.62
3250.47 3566.237 4131.651 3983.511 4390.165 5258.769 4466.408 3611.228 3555.658 4183.636 6507.345 4520.341 4717.87 5705.677 6126.884 6126.884 5137.912 3661.175 3640.185 3043.608 2502.443 2509.861 2525.805 2603.421 2633.06 2647.95 2467.134 653.8463 529.8929 631.3535 1320.278 2624.339 2634.862 1656.753 1406.29 1747.356 1742.422 872.4075 1547.319 2035.224 1833.611 1880.776 5347.856 4593.43 3464.884 3494.875 3439.313 3424.416 3424.416 3424.416 6340.891 7503.929 6952.635 5503.207 5294.632 5294.632 5294.632 9835.519 10506.17 10506.17 9868.672 7150.309 6476.153 6358.621 6298.244 6259.271 7356.281 14532.58 15895.98 8287.434 10358.22 9571.598 20729.94 18727.66 12577.51 10906.33
3251.168 3924.539 5093.248 4241.074 4535.576 5640.453 5640.453 4523.997 4795.551 8375.541 5072.808 4339.067 4677.72 5008.196 5227.367 5958.053 5494.792 3668.282 3640.967 3394.057 2700.254 2678.207 2674.942 2674.105 2674.105 2226.337 1165.021 492.4101 492.4101 492.4101 492.4101 892.3674 1869.622 726.9727 773.8291 828.0181 1353.461 772.8803 1547.651 1547.651 1547.651 1547.651 2066.788 3465.628 3465.628 3416.527 3340.599 3320.099 3307.892 3171.246 6345.702 7492.627 4710.959 4727.562 5152.879 5283.455 5717.531 8121.402 8899.162 10508.43 9742.871 7475.218 6741.439 6423.15 6299.596 6378.328 7632.103 15252.7 15712.6 13993.8 12882.86 10740.36 11282.13 8438.564 5619.55 15268.09
3989.961 5097.456 5178.374 5155.798 5218.53 5641.658 5641.658 6366.369 8706.887 9147.875 5748.671 4366.933 4339.994 4339.994 4339.522 4558.56 3385.362 3545.928 3641.745 3310.59 2790.74 2679.183 2678.65 2674.701 1922.902 557.9854 492.5154 492.5154 492.5154 492.5154 492.5154 492.5154 492.5154 492.5154 492.5154 599.1387 859.7389 254.5073 1380.047 1547.982 1547.982 1547.982 2692.405 3466.369 3465.01 2147.617 2007.387 2278.419 1971.334 1865.542 3792.656 6576.47 4717.904 4822.579 4749.557 4749.622 5372.275 6010.598 6755.521 10046.26 9650.675 7642.993 6757.699 6670.63 6512.053 40543.37 40091.41 14231.91 13036.26 8864.643 8645.969 8695.365 8794.189 6083.856 5436.351 5670.993
