indp00ag.asc
ncols         816
nrows         816
xllcorner     65
yllcorner     5
cellsize      0.0416666666667
NODATA_value  -9999
[rows 374 to 407 of 816, columns 152 to 227 of 816]
0 0 0 0 0 190.4017 2011.512 2095.507 2095.507 2095.507 2151.68 2175.246 2128.328 2147.809 2145.708 2909.725 2936.514 3207.829 3542.222 3542.222 7261.13 3542.222 4136.03 6717.888 6584.724 6672.744 10016.35 10136.63 9825.459 11130.53 12015.19 16233.58 16099.48 16273.23 11290.72 9396.283 9058.802 8936.513 6127.073 5267.704 5246.15 5246.15 5246.15 6405.208 6708.542 6663.4 6633.554 6633.554 6555.659 5738.193 3858.958 3623.726 5379.542 7701.422 4659.839 3941.154 4113.092 4654.812 4654.812 4674.405 5478.041 5802.742 6572.113 6892.486 6803.358 6803.358 6803.358 6803.358 6803.358 6803.358 6803.358 6803.358 6803.497 8829.807 8978.51 8978.51
0 0 0 0 4.561186 262.522 1026.571 1894.528 2096.168 2096.168 2096.168 2096.168 2329.482 2919.67 2937.439 2937.439 2937.439 3131.356 3542.594 3543.338 3543.338 3543.338 4891.174 6586.799 6586.799 6586.799 6586.799 6587.444 9734.619 10949.15 11100.32 11472.08 11468.03 14039.46 13289.06 10072.07 8387.977 6434.783 5247.804 5247.804 5247.804 5574.906 6212.232 6444.121 6710.656 6710.021 6692.517 6506.021 4192.193 3621.189 3621.189 3621.189 3964.761 5306.352 3942.397 3942.397 4366.839 4656.28 4656.28 4656.28 4745.641 5762.513 6183.591 6753.602 6798.306 6805.503 6805.503 6805.503 6723.994 5993.414 5897.185 6160.801 6603.429 8892.7 8981.34 8981.34
0 0 0 0 0 177.1248 358.7339 1276.099 2096.776 2096.827 2096.827 2096.827 2138.119 2894.885 2938.364 2938.364 2938.364 3376.808 3544.285 3544.453 3544.453 4493.63 6275.207 6588.872 6588.872 6588.872 6830.241 9421.647 10952.59 11445.52 12996.86 12950.61 12724.58 15012.56 15622.87 10151.22 5642.797 5527.235 5249.455 5249.455 5249.455 5274.038 6357.305 6712.768 6544.686 6696.037 6573.526 5119.145 3622.494 3622.328 3622.328 3622.328 3622.328 3790.334 3943.637 3953.26 4540.132 4657.745 4657.745 4657.745 4834.642 5865.988 5866.215 5873.597 7605.464 7058.353 6807.644 6807.644 6109.84 5445.287 5445.287 5445.287 5552.634 8350.449 8984.166 8984.166
0 0 0 0 0 0 0 292.8754 1939.332 2097.486 2097.486 2097.486 2196.954 2934.428 2939.286 2939.286 2939.286 3422.568 3545.566 3546.987 4740.208 6590.888 6590.941 6590.941 6590.941 6812.814 10808.98 10956.03 10956.03 14955.98 15627.78 15627.78 15627.78 15627.78 15627.78 8165.012 6345.055 6034.965 5262.699 5454.396 5205.782 5461.264 5394.114 5841.388 4549.347 4585.359 4523.198 4462.488 3738.848 3623.466 3623.466 3623.466 3735.748 3944.169 3944.875 3946.761 4517.379 4659.208 4659.208 4659.208 4659.277 5636.537 5868.057 6812.467 11862.53 11589.05 9579.312 6809.782 5713.288 5446.997 5446.997 5446.997 5446.997 5760.205 7134.697 8196.561
0 0 0 0 0 0 0 300.7585 2016.946 2098.143 2098.143 2098.143 2255.471 2560.958 2461.249 2495.475 3024.385 3603.363 3549.576 3549.334 5103.606 6593.006 6593.006 6593.006 6593.006 6659.926 9953.923 10959.47 11648.9 15447.84 15632.67 15632.67 15632.67 15632.67 15384.75 6462.552 6347.043 6341.818 5659.355 5722.297 4474.694 4463.887 4463.887 4463.887 4463.887 4463.887 4463.887 4463.887 4192.585 4410.545 4672.316 3932.086 3914.532 3946.112 3946.112 3946.112 5210.338 5058.816 4771.305 4668.366 4933.455 5789.976 5869.896 7943.868 11934.9 11934.9 11802.63 6811.916 5743.493 5448.704 5448.704 5448.704 5448.704 5448.704 5448.704 5448.704
15.46308 0 0 0 0 0 0 47.65976 951.8624 1934.292 2098.799 2098.799 2105.578 2239.166 3056.755 3295.65 3401.311 3673.733 3666.71 3832.515 6123.523 6595.069 6595.069 6595.069 6595.069 8508.582 10962.89 10962.89 11474.79 15637.56 15637.56 15637.56 15637.56 15637.56 14940.96 6672.741 6349.029 6349.029 6349.029 5300.505 4465.283 4465.283 4465.283 4465.283 4465.283 4465.283 4465.283 4465.283 6882.709 11635.1 11759.76 9909.553 3975.291 4165.229 5449.813 6040.716 7487.669 6560.431 5871.732 5672.602 5855.533 5871.732 5871.732 8754.298 11938.63 11938.63 9970.476 6896.704 7152.478 6008.793 5450.409 5450.409 5450.409 5450.409 5450.409 5450.409
973.8731 618.6716 255.0253 725.0172 1393.679 156.9839 226.446 224.3062 50.78211 160.2043 1538.681 2089.165 2099.455 2852.129 3674.88 3674.88 3674.88 3674.88 3674.88 3710.069 5984.069 6597.128 6597.128 6597.128 6597.128 8084.673 9533.112 10980.7 13164.4 15642.45 15642.45 15642.45 15642.45 15642.45 15588.65 7143.357 6351.011 6351.011 6351.011 5154.026 4697.36 4673.05 6629.382 5229.571 4466.677 4466.677 4466.677 6206.954 11130.78 12190.31 11598.7 9570.693 7371.53 7311.87 7500.229 7500.229 7372.601 6130.005 5873.565 5873.565 5873.565 5873.565 5873.565 9074.874 11942.36 11942.36 10206.13 8361.245 8499.316 8716.937 6724.721 5452.11 5452.11 5452.11 5452.11 5452.11
2412.077 2867.252 2889.517 2900.946 2907.485 2262.045 1957.525 2100.109 1067.021 922.9071 1852.049 1996.552 2100.109 3096.621 3676.025 3676.025 3676.025 3676.025 3676.025 4552.391 6071.405 5838.701 6599.184 6216.368 7984.692 9614.508 10969.73 11128.8 12414.87 14436.91 15647.32 15647.32 15647.32 14759.15 10749.41 6440.743 6352.99 6352.99 6352.99 6352.99 6352.99 7494.758 8539.603 6775.564 4903.367 4468.069 4468.069 5213.324 9383.181 7674.567 7502.566 7502.566 7502.566 7502.566 7502.566 7502.566 6510.184 5875.396 5875.396 5875.396 5875.396 5875.396 5875.396 7584.959 11946.08 11946.08 9088.416 8882.804 8882.804 8882.804 8302.815 5717.188 4679.415 4518.155 4967.527 5214.479
2366.701 2847.184 2908.901 2908.901 2908.901 2893.852 2340.652 2100.838 2047.957 2100.761 2100.761 2100.761 2098.653 2084.538 3230.386 2773.3 3490.901 3677.167 3677.167 3677.167 4090.66 4086.739 5040.872 5201.31 4432.644 9109.056 11107.61 11475.21 11753.73 102546.3 142056.9 322264.4 176001.4 11598.87 7418.698 6354.962 6354.962 6354.962 6354.962 6354.962 7195.304 8511.311 8542.254 8542.254 6526.287 4469.457 4469.457 5746.843 7393.505 7505.384 7504.943 7504.895 7504.895 7504.895 7504.895 7028.893 5899.657 5940.197 7585.797 8426.64 6095.858 6314.534 7425.367 6918.743 9549.789 9888.35 8887.469 8885.562 8885.562 8885.562 8885.562 7337.066 4375.899 4205.965 4205.965 4205.965
2909.804 2909.804 2909.804 2909.804 2909.804 2909.804 2909.804 2127.763 2101.413 2101.413 2101.413 2101.413 1132.914 43.28951 1329.315 1546.44 3029.789 3678.308 3678.308 3678.308 3993.751 4073.875 4129.197 4539.059 4073.875 4331.719 8841.294 16347.69 93101.34 369584.7 373868.1 373868.1 243404.4 11757.38 9852.475 6356.935 6356.935 6356.935 6356.935 6610.383 8508.091 8544.906 8544.906 8544.906 8544.906 5516.171 5654.317 7201.265 7507.762 7507.712 7492.753 7507.225 7507.225 7507.225 7224.27 6526.456 6639.404 7390.165 10177.2 10856.08 10028.64 8587.946 8701.949 8622.951 8888.319 8888.319 8888.319 8888.319 8888.319 8888.319 8888.319 8712.54 5535.72 4896.155 4598.792 4219.846
2788.866 2910.705 2910.705 2910.705 2910.705 2910.705 2910.705 2616.864 2125.657 2102.064 2091.419 2026.818 1984.188 1118.118 40.22032 1463.979 3210.741 3679.448 3679.448 3679.448 3879.325 4075.137 4075.137 4075.137 4075.137 4075.137 4337.88 160067 371698.5 373983.9 373983.9 313689.6 29915.55 11761.02 10718.9 6377.214 6359 7357.238 8399.418 8354.325 8547.553 8547.553 8547.553 8547.553 8547.553 8244.997 7509.015 7510.088 7510.088 7510.088 6980.422 7237.995 7229.283 6985.002 6646.082 6715.629 6847.883 6779.722 7405.839 10573.25 10859.45 8932.228 7679.359 7677.807 7853.573 8838.604 8891.073 8891.073 8891.073 8891.073 8891.073 8598.344 5409.922 5083.968 5083.968 5059.195
2852.51 2911.604 2911.604 2911.604 2911.604 2911.604 2911.604 2911.604 2456.431 2060.742 1698.762 1632.328 1735.774 1032.545 111.2188 2011.014 3591.222 3680.583 3680.583 3786.303 3997.919 4076.395 4076.395 4076.395 4076.395 4076.395 4076.395 6589.265 87165.8 146465.2 156560.5 37140.38 11764.65 11764.65 11764.65 11034.26 7914.404 8527.058 8482.175 8305.13 8323.818 8550.191 8539.311 8408.582 8375.155 8258.167 7755.649 7512.406 7512.406 7191.256 6703.435 6560.333 6560.333 6560.333 6560.333 6560.333 6560.333 6560.333 6678.905 10743.66 10862.8 8396.978 7627.625 7627.625 7627.625 8402.449 8893.818 9039.204 10630.4 11122.12 13564.98 13504.1 7430.741 5582.684 5323.542 5085.538
2912.502 2912.502 2912.502 2912.502 2912.502 2912.502 2754.002 1777.475 1918.684 1809.407 1632.831 1632.831 1516.646 756.8036 64.80806 1630.383 3631.292 3681.719 3681.719 3896.506 4077.653 4077.653 4077.653 4077.653 4077.653 4077.653 4077.653 7468.973 11768.28 11768.28 11768.28 11768.28 11768.28 11768.28 11768.28 11774.63 8901.823 8227.248 8220.266 8220.169 8220.281 8309.637 8332.471 8220.169 8220.169 8231.774 8135.989 7885.914 7324.832 6675.618 6562.357 6562.357 6562.357 6562.357 6562.357 6562.357 6562.357 6562.357 6940.554 10866.15 10687.81 7860.521 7629.978 7629.978 7629.978 7755.722 8332.244 11467.74 15385.28 15385.28 15385.28 15385.28 14813.67 13496.74 12435.71 5239.459
2913.398 2913.398 2913.398 2913.398 2913.398 2913.398 2890.135 1762.497 1633.333 1633.333 1633.333 1633.333 1633.333 1630.197 1592.104 2585.218 3188.412 3585.173 3682.851 3786.512 4078.906 4078.906 4078.906 4078.906 4078.906 4105.905 5100.521 11540.29 11771.9 11771.9 11742.15 11440.21 11786.86 12019.47 12235.26 12623.21 12444.69 9358.112 7907.688 8172.917 8216.066 8222.696 8234.311 8223.971 8269.695 10112.06 11679.6 11819.26 11887.21 11849.26 6901.213 7254.302 10756.39 7461.383 6564.375 6608.744 8193.806 7143.571 10568.57 10869.49 8925.963 7602.543 7632.324 7632.324 7632.324 7632.324 7632.324 10642.72 15390.01 15390.01 15390.01 15390.01 15390.01 15390.01 13797.54 5854.895
2914.292 2914.292 2914.292 2914.292 2914.292 2914.292 3078.052 2797.057 1633.835 1633.835 1633.835 1633.835 1633.835 1633.835 1677.513 2478.158 2538.35 3350.683 3769.695 4007.078 4538.559 5109.33 5175.019 4480.296 4731.877 5623.921 5150.191 4792.5 9052.938 9981.812 9483.133 6640.844 11401.68 12864.23 12864.23 12864.23 12864.23 12589.29 7211.877 7156.479 7147.32 7204.674 8992.061 11674.48 11643.61 11881.88 11881.88 11881.88 8606.05 7702.16 12866.35 12849.12 13393.42 11629.79 10835.18 12743.19 13393.42 12936.48 12015.18 10208.22 7487.258 7463.743 7626.998 7634.667 7634.667 7634.667 7634.667 7979.733 14555.53 14935.26 15355.92 15256.43 12587.78 15173.89 8860.363 4958.502
2914.907 2915.186 3470.763 2915.186 3565.106 5455.077 6611.133 6678.68 2934.027 1634.336 1634.336 1634.336 1634.336 1634.336 1958.752 2480.948 2480.948 3323.495 4419.177 4110.349 5410.106 5847.947 5847.947 5847.947 5847.947 5560.502 4073.986 4073.986 5175.495 6642.881 6642.881 6642.881 10061.28 12868.18 12512.11 12868.18 12868.18 11744.11 7762.344 7132.992 7132.992 7136.137 10987.54 11885.53 11885.53 11885.53 6642.08 6253.273 4726.748 5626.271 12485.76 13397.53 13397.53 13397.53 13397.53 13397.53 13397.53 11461.07 8217 7503.699 7457.612 7457.612 7492.083 7554.756 7637.009 6991.367 6946.617 8099.282 10358.57 9836.275 11735.65 12583.08 9397.24 7978.95 4960.023 4960.023
2839.043 3485.619 6572.015 5641.054 6602.292 6707.376 6707.376 6707.376 6178.179 5349.198 2406.892 1634.835 1634.835 1708.348 2087.009 2481.706 2481.706 3238.506 4056.071 1793.529 5604.159 4427.15 5813.375 5843.966 5404.063 4085.576 4075.231 4075.231 5351.924 6644.912 6644.912 6644.912 6654.533 7736.961 7619.458 12832.35 12901.26 11608.28 7135.173 7135.173 7135.173 9170.25 11889.16 11889.16 11889.16 11887.88 4790.146 4703.518 4703.518 10350.39 13401.63 13401.63 13401.63 13400.86 13338.64 13401.63 13401.63 9419.232 6086.833 6086.915 7130.378 7459.892 7459.892 7473.01 6650.4 5791.276 5482.487 6623.627 9251.819 9400.113 9400.113 9400.113 9120.778 5618.474 4522.943 4321.961
2824.348 3839.142 6709.423 6709.423 6709.423 6709.423 6709.423 6709.423 6709.423 6709.423 4239.051 1901.595 2157.742 2460.497 2482.463 2482.463 2779.751 3372.096 2446.287 1223.845 3151.564 373.4005 3485.73 4268.499 4124.036 4076.475 4076.475 4076.475 5206.442 6646.939 6646.111 6632.634 6614.852 6596.583 16323.69 23742.49 22495.55 25358.6 17639.12 17057.87 7602.781 9749.092 11892.79 11892.79 11892.79 11871.97 5218.159 4704.953 4704.953 7589.287 11550.12 11888.27 11888.26 10751.33 10526.07 11348.26 9935.539 6662.045 6088.689 6088.689 6867.939 7462.167 7462.167 7031.073 5484.16 5484.16 5484.16 5484.16 5890.889 6643.907 9382.638 9402.981 8240.702 3722.161 3722.161 3722.161
2825.208 3300.849 4274.428 3934.489 5899.118 6711.466 6711.466 6711.466 6711.466 6711.466 5787.345 2483.219 2483.219 2483.219 2483.219 2483.219 2809.206 5178.239 5340.782 1996.419 5313.56 1570.992 4293.819 4077.716 4077.716 4077.716 4077.716 4077.716 4826.901 6586.221 6566.486 6552.98 6552.98 6552.98 20503.92 25757.89 25757.89 25757.89 25757.89 25757.89 25585.65 25706.62 27327.22 14129.91 11765.22 8486.059 4804.343 4706.386 5600.617 8111.859 10281.19 10281.19 10281.19 10281.19 10281.19 9031.968 6829.426 6090.543 6090.543 6090.543 6094.868 7354.48 7464.44 7432.226 5873.616 5485.83 5485.83 5485.83 5485.83 5454.966 6453.21 7451.275 5589.706 3723.295 3723.295 3723.295
2826.067 2826.067 2826.067 2826.067 4714.327 6713.505 6713.505 6713.505 6713.505 5685.414 3740.054 2483.974 2483.974 2483.974 2483.974 2483.974 2483.974 3776.839 3314.168 1897.477 4494.349 4883.447 4078.955 4078.955 4078.955 4078.955 4078.955 4231.67 5498.711 6554.971 6554.971 6554.971 6554.971 6554.971 20959.54 25765.72 25765.72 25765.72 25765.72 25264.24 25309.06 28992.73 27487.72 26464.07 7510.402 4707.816 4707.816 4707.816 4838.097 8922.472 10284.31 10284.31 10284.31 10284.31 8156.817 6119.713 6092.395 6092.395 6092.395 6152.204 6825.797 7364.43 7466.708 7466.708 6794.097 5487.497 5487.497 5487.497 5487.497 5341.029 5168.152 5168.152 5131.217 4524.787 3724.426 3724.426
2704.934 2688.388 2826.924 2805.965 4635.688 6715.017 6715.542 6715.542 6711.566 3555.489 2484.727 2484.727 2484.727 2484.727 2484.727 2484.727 2484.727 2643.337 2722.003 1522.075 973.2629 3475.539 4080.192 4080.192 4080.192 4080.192 4803.843 5039.098 5380.62 6525.677 6556.959 6556.959 7600.719 15512.15 15208.69 20041.3 24669.43 24999.35 24950.26 24005.57 23968.94 23968.94 24415.02 17851.32 4709.244 4709.244 4709.244 4709.244 4709.244 7397.108 7649.976 8142.335 8618.304 8794.359 7083.248 6094.242 6094.242 6094.242 5891.755 6459.732 7468.973 7468.973 7468.973 7232.818 5354.026 4868.912 5441.249 5489.161 4353.451 5059.766 5169.719 5169.719 5169.719 5118 4012.817 3776.091
2525.148 2567.792 2617.857 2780.02 6204.69 6717.574 6717.574 6717.574 6468.003 2569.632 2485.479 2485.479 2485.479 2437.207 2038.44 2371.263 2399.52 2485.479 2485.479 2996.506 2048.47 4081.427 4081.427 4081.427 4081.427 4081.427 5216.224 5095.615 5095.615 5917.368 6558.944 6558.944 12430.58 18495.77 18460.19 16487.29 16631.27 22014.53 23976.2 23976.2 23976.2 23976.2 17946.24 6995.669 4710.669 4710.669 4710.669 4710.669 4710.669 4852.467 7338.064 7406.112 7406.112 7406.112 6278.016 6096.087 6096.087 5996.748 5442.298 5508.283 6550.663 7210.291 6072.086 4902.304 4559.103 3851.913 3918.748 4605.512 3591.768 3884.82 4290.251 4788.748 5171.284 5171.284 4439.764 3889.454
2525.911 2525.911 2525.911 2846.791 5050.356 6321.014 6719.604 5669.842 3162.054 2486.23 2486.23 2486.23 2486.23 2413.097 2858.784 1856.411 1886.254 2466.715 2503.302 3480.262 4082.661 4082.661 4082.661 4082.661 4109.946 4435.798 6864.816 6059.11 5097.154 5240.108 6346.665 6539.455 14398.63 18827.52 17501.46 16492.28 16492.28 22432.87 23983.44 23983.44 23983.44 23983.44 6705.743 4712.092 4712.092 4712.092 4712.092 4712.092 4710.993 4634.804 6728.017 7408.35 7408.35 7408.35 6819.673 6811.699 6647.374 5718.792 5443.155 5443.155 5443.155 5314.387 4569.896 4569.896 4532.77 4458.943 3703.123 3592.678 3645.479 3592.678 3592.678 3690.264 5061.34 4960.082 3969.328 3901.979
2526.673 2526.673 2526.673 2526.673 3348.574 5447.516 5838.014 4225.601 4267.279 4171.473 3213.586 3045.511 2544.196 3313.13 3294.654 1856.971 1856.971 2308.747 2148.892 2869.816 3880.17 4072.081 4083.892 4083.892 4626.449 7086.983 7087.408 7010.762 6054.737 5197.281 5098.691 5148.89 7760.227 16519.41 16497.25 16497.25 16497.92 20056.96 21588.77 23963.5 23990.67 29168.64 11866.11 8322.865 4713.513 4713.513 4713.513 4701.048 4564.423 4353.754 6202.132 7410.583 7410.583 7410.583 7410.583 7373.072 5020.121 4362.214 5444.796 5444.796 5350.036 4733.578 4571.274 4571.274 4571.274 4571.274 4382.062 3973.799 4345 4103.442 3778.946 3593.761 4021.681 3782.502 3809.79 3903.156
2527.432 2527.432 2527.432 2527.432 3944.312 4895.753 4895.753 4694.084 4895.753 4895.753 4722.453 3995.251 4172.098 3014.226 2861.231 1857.529 1857.529 1870.521 1857.529 1857.529 1533.33 1876.932 2707.25 3495.539 2952.734 7007.156 7089.538 6917.563 6862.713 6878.467 6047.418 6083.389 5814.738 15789.1 16502.2 16502.2 17085.12 18347.03 18372.09 19548.27 23700.66 36809.95 51087.63 51086.82 30735.89 26850.41 5342.415 4356.454 4380.161 4355.062 4982.574 7396.716 7412.81 7412.81 7412.81 6240.905 4264.226 4296.117 5133.168 5446.432 5157.395 4572.647 4572.647 4572.647 4572.647 4572.647 4572.647 4572.585 4572.647 4474.001 4061.258 3595.1 3594.841 3594.841 3670.047 3889.871
2528.191 2528.191 2528.191 2528.191 3013.736 3328.296 4479.011 3087.468 3246.63 3493.854 4027.114 3022.186 2965.51 3057.958 2319.926 1858.087 1858.087 1858.087 1858.087 1858.087 1856.95 1123.257 763.1408 1162.091 473.3725 5855.333 7091.667 4971.417 5178.936 1908.769 7027.049 7091.667 7091.667 7529.903 15180.98 17907.65 18244.19 18352.54 18352.54 21731.67 25751.38 45833.19 51205.06 51205.06 51205.06 51205.06 15837.32 4356.37 4356.37 4356.37 4356.37 5309.237 6752.696 7275.572 7415.036 5023.552 4349.235 4268.026 5079.582 5448.068 5279.668 4574.021 4574.021 4574.021 4574.021 4379.135 3711.259 4451.607 4500.248 3690.98 3595.92 3595.92 3595.92 3595.92 3595.92 3886.915
2528.948 2528.948 2528.948 2540.033 4042.732 4091.951 3781.901 2921.342 2867.481 2867.481 2867.481 2867.481 2028.067 1858.643 1858.643 1858.643 1858.643 1858.643 1858.643 1858.643 1858.643 1682.233 594.7692 9.341452 139.64 2709.431 3295.494 2210.357 244.0951 1109.399 5092.336 7093.789 7093.789 7411 15452.96 18358.03 18358.03 17758.15 16190.07 21940.38 25759.08 45758.18 51220.38 51220.38 51220.38 51220.38 25013.12 4357.673 4357.673 4357.673 4357.673 4357.673 4357.673 4430.029 4744.67 4377.693 4266.944 4673.343 5420.248 5449.698 5378.233 4644.643 4575.389 4575.389 4575.389 4022.67 3596.996 3711.573 3751.685 3596.996 3596.996 3596.996 3596.996 3599.655 3718.021 3901.942
2558.705 2529.704 3244.516 3967.062 4683.628 4683.628 4410.652 3130.267 2868.339 2868.339 2868.339 2868.339 2045.936 1989.72 1911.815 1966.937 1859.199 1859.199 1859.199 1859.199 1859.199 1839.071 491.5014 52.97837 406.1979 5645.233 4322.143 5388.261 6138.5 4706.209 3197.777 5682.518 6802.418 10006.07 18363.52 18363.52 18363.52 15316.07 7854.188 21032.69 14004.96 21083 41480.22 51235.7 51235.7 51235.7 32442.2 5705.059 4358.977 4358.977 4358.977 4358.977 4369.002 4396.918 4410.689 4411.069 4369.688 4459.498 4957.098 5451.328 5451.328 5233.845 4576.758 4576.758 4576.758 4416.902 3621.509 3598.072 3598.072 3598.072 3598.072 3598.072 3598.072 3598.072 3599.973 3642.51
3408.812 2775.843 3824.045 4685.024 4685.024 4685.024 4685.024 3179.738 2869.194 2869.194 2869.194 2869.194 2771.992 2520.378 2359.51 2218.358 1875.909 1916.558 1880.34 1859.753 1859.753 1859.753 1476.285 1256.439 281.257 6133.441 6858.833 3801.712 2309.327 22.95404 317.3614 636.7648 2027.714 5429.895 13239.52 11222.88 8910.963 7639.447 7638.7 7638.7 7638.7 7638.7 12925.21 45318.86 51203.46 51250.97 50935.07 22657.63 5022.366 5000.576 4361.35 4369.832 4404.491 4413.237 4413.237 4413.237 4413.237 4413.237 4535.042 5452.953 5452.953 5319.479 4933.929 4838.143 4720.194 5286.639 3714.542 3599.145 3599.145 3599.145 3599.145 3599.145 3599.145 3599.145 3599.145 3611.707
3770.481 3728.684 3915.764 4429.254 4686.42 4686.42 4686.42 4651.733 4143.267 3399.587 2870.049 2870.049 2808.87 2516.494 2515.53 2515.53 2515.53 2515.53 2512.348 2414.377 2342.614 1864.498 1860.307 647.8343 960.8792 5466.25 2287.646 537.0103 0 1175.452 3322.411 3397.501 2416.975 1200.073 2832.355 3397.501 3714.808 6338.603 6847.476 7640.976 7640.976 7640.976 7640.976 8844.452 48771.87 51266.24 41390.2 5624.15 5624.15 5598.789 5145.449 5307.748 4541.486 4414.552 4414.552 4414.552 4414.552 4414.552 4800.891 5454.578 5454.578 5454.578 5454.578 5454.578 5691.589 5758.123 5755.791 3814.038 3600.217 3600.217 3600.217 3600.217 3600.217 3600.217 3600.281 3645.099
3771.601 3771.601 3771.601 4185.565 4687.812 4687.812 4687.812 4687.812 4687.812 4417.623 3444.414 3477.194 2830.279 2516.277 2516.277 2516.277 2516.277 2516.277 2516.277 2516.277 2404.098 2046.291 1860.859 1061.187 406.8165 1265.457 0 0 87.97675 3159.672 3398.509 3398.509 3398.509 3398.509 3398.509 3398.509 3794.513 7083.358 7537.235 7643.244 7643.244 7643.244 8001.678 32944.93 51281.46 51281.46 48948.74 10539.5 5625.82 5625.82 5625.82 5625.82 5078.461 4415.863 4415.863 4415.863 4415.863 4415.863 4948.064 5456.197 5456.197 5456.197 5456.197 5603.789 5759.733 5759.832 5759.832 4341.46 3601.286 3601.286 3601.286 3601.286 3601.286 3601.286 3601.286 3610.943
3772.72 3772.72 3772.72 3781.444 4640.012 4689.203 4689.203 4689.203 4689.203 4689.203 4689.203 4689.203 3977.054 2915.848 3114.059 5198.747 5995.75 4824.892 2517.024 2366.946 2075.316 1866.384 1777.682 531.2119 0 0 0 0 596.3269 3399.518 3399.518 3399.518 3399.518 3399.518 3399.518 3399.518 3399.518 6318.664 7645.513 7645.513 7050.682 7084.594 11487.09 46119.42 48258.15 28090.95 34391.96 6090.892 5627.489 5627.489 5627.489 5627.489 5118.794 4417.173 4417.173 4417.173 4417.173 4417.173 4751.683 5457.816 5457.816 5583.065 5711.088 5755.576 5761.541 5761.541 5761.541 4707.436 3820.442 3602.354 3602.354 3602.354 3602.354 3602.354 3603.987 3643.206
3773.835 3773.835 3773.835 3793.175 4607.21 4566.616 4646.678 4689.204 4642.246 4690.589 4690.589 4690.589 4690.589 4172.291 3120.074 10786.28 11848.01 8741.227 3411.398 1976.492 1861.962 1861.962 1353.071 10.4609 0 0 0 0 1329.282 3400.523 3400.523 3400.523 3400.523 3400.523 3400.523 3400.523 3400.523 3466.168 6921.897 7389.006 6495.265 5766.388 5766.388 6555.444 8578.477 5671.946 5629.153 5629.153 5629.153 5629.153 5629.153 5612.275 4575.136 4418.479 4418.479 4437.565 4682.696 4418.479 4470.912 5817.036 5810.37 5901.218 5763.245 5763.245 5763.245 5763.245 5763.245 5482.182 3849.639 3603.42 3603.42 3603.42 3603.42 3603.42 3526.715 3417.385
3727.68 3774.949 3774.949 4164.987 4334.304 4336.557 4449.949 4438.283 4372.818 4691.973 4691.973 4691.973 4507.42 3295.24 3295.413 11673.25 11851.5 11851.5 11851.5 7432.398 1862.615 1786.326 206.0467 0 0 0 0 0 2213.632 3401.526 3401.526 3393.593 3401.526 3213.466 3158.518 3401.526 3481.402 3613.917 3650.397 4210.683 5311.983 5686.717 5768.089 5768.089 5768.089 5757.189 5860.861 6123.738 6139.067 5999.723 5654.819 5630.814 5652.775 5851.975 5879.821 6359.607 6354.708 5731.346 6122.106 6349.401 6349.401 6338.046 6218.195 5807.127 5764.945 5764.945 5177.56 4008.597 3604.483 3604.483 3604.483 3601.786 3390.531 3150.43 3154.734 3186.241
