indp00g.asc
ncols         816
nrows         816
xllcorner     65
yllcorner     5
cellsize      0.0416666666667
NODATA_value  -9999
[rows 510 to 543 of 816, columns 380 to 455 of 816]
3277.915 3735.405 4174.806 3639.01 3672.624 4262.26 3524.741 675.8425 675.8425 675.8425 771.3068 1525.149 1986.911 835.6449 675.8425 675.8425 675.8425 641.7687 415.9198 358.8265 358.8265 358.8265 358.8265 399.1826 485.9735 537.4993 586.3312 509.6683 701.9896 1047.807 1047.807 1047.807 1047.807 1047.807 1072.709 1048.465 1047.807 1047.807 1124.387 1637.843 1122.082 4908.386 6497.732 6499.028 6579.422 6609.341 6609.341 6649.785 6656.784 12566.3 16447.52 17513.96 12626.65 7279.484 7181.97 19089.97 20076.71 10603.62 10735.61 9618.858 2957.511 0 0 0 0 0 0 0 0 0 0 0 0 0 0 0
2598.371 4425.757 4425.757 4425.757 4425.757 4425.757 3886.644 675.9996 675.9995 1251.467 2241.02 1877.175 1138.249 695.5426 675.9995 675.9995 675.9995 610.4862 358.9099 358.9099 358.9099 358.9099 358.9099 362.8056 488.8836 509.7867 509.7867 509.7867 868.7944 1048.051 1048.051 1048.051 1048.051 1048.051 1048.051 1048.051 1436.395 2569.101 3871.133 4437.25 3494.275 5615.876 12816 7388.589 6439.383 6454.432 6605.333 6654.387 6658.366 15506.69 21208.25 21208.25 20828.46 12722.55 17076.12 40910.91 194274.6 237735.4 235536 39420.33 0 0 0 0 0 0 0 0 0 0 0 0 0 0 0 0
2192.28 3383.883 2866.362 3508.527 4426.785 4426.785 4426.785 1737.351 687.7051 2520.773 2272.78 851.2689 850.6506 849.7828 790.8646 705.6531 669.7532 473.1516 358.9932 358.9932 358.9932 358.9932 358.9932 426.7071 509.9051 509.9051 509.9051 509.9051 1029.611 1230.428 1372.303 1213.433 1088.695 1120.342 1048.294 1048.294 2382.409 2733.127 3709.731 4616.706 4616.923 7569.008 18267.2 12395.14 6305.223 6248.233 6446.958 7324.95 7117.1 9240.093 17980.07 19423.32 19900.55 12154.35 65570.13 103075.9 112744 103992.3 74920.39 0 0 0 0 0 0 0 0 0 0 0 0 0 0 0 0 0
1682.657 1656.808 1641.688 2070.813 2502.087 2472.538 3224.02 2707.291 2402.25 2523.933 1976.718 850.8472 850.8472 850.8472 850.8472 850.8472 689.7856 359.0762 359.0762 359.0762 359.0762 359.0762 361.0684 490.506 510.023 510.023 510.023 510.023 1085.386 1468.62 1472.415 1443.297 1398.298 1407.914 1353.573 1200.779 1076.837 1104.288 2037.671 4617.505 4646.996 9404.559 17230.87 8583.719 6249.678 6249.678 6950.602 7551.38 7551.38 7697.622 9917.351 13148.97 11758.48 9756.432 13949.32 36130.83 2675.109 1107.192 0 0 0 0 0 0 0 0 0 0 0 0 0 0 0 0 0 0
1575.882 1481.14 1655.73 1809.512 1809.947 1809.947 1809.947 1842.031 2118.209 2150.388 1150.598 851.0435 851.0435 851.0435 851.0435 851.0435 706.8187 359.1591 359.1591 359.1591 359.1591 359.1591 403.1617 508.9076 510.1407 510.1407 510.1407 510.1407 1103.793 1472.754 1472.754 1442.54 1415.827 1415.827 1415.827 1597.757 3458.469 4397.38 4870.869 4870.283 4869.75 10152.12 10230.48 5258.688 5850.137 6239.488 8428.288 9486.489 8959.96 11537.86 10160.27 11069.91 10471.24 9766.939 3705.65 1622.467 370.4138 0 0 0 0 0 0 0 0 0 0 0 0 0 0 0 0 0 0 0
1476.771 1476.771 1914.947 2029.858 1810.364 1810.364 1810.295 1524.896 1398.227 1065.616 874.926 851.2394 851.2394 851.2394 851.2394 851.2394 834.1344 487.1612 359.2417 359.2417 359.2417 359.2417 359.2417 381.6464 471.4181 510.2581 510.2581 706.4535 1396.28 1473.093 1460.118 1420.657 1416.153 1416.153 1416.153 2555.601 4860.92 4807.545 4860.576 4438.109 4821.025 4897.529 5195.481 5211.393 5211.393 5468.334 10278.62 11329.96 9700.394 9501.602 10114.12 10020.37 8485.403 4437.297 144.4367 0 0 0 0 0 0 0 0 0 0 0 0 0 0 0 0 0 0 0 0 0
1477.109 1477.109 1898.058 2192.42 1725.472 1749.608 1724.34 1045.291 1021.074 1021.074 1012.199 969.2692 936.1114 923.3112 888.5454 896.0071 1481.072 1470.556 394.768 408.9723 370.567 359.324 450.4329 1013.964 1459.617 1013.311 1098.454 1326.725 1473.431 1461.573 1423.51 1416.477 1416.477 1416.477 1421.945 2830.495 4083.589 4437.84 4509.152 3997.881 4143.256 6404.698 5350.047 5323.589 5564.418 9535.115 11307.54 10478.21 7981.554 7824.965 8135.276 7009.933 732.9998 0 0 0 0 0 0 0 0 0 0 0 0 0 0 0 0 0 0 0 0 0 0 0
1477.447 1523.67 2040.113 1930.102 1668.727 1668.727 1668.727 1391.758 1359 1021.308 1021.308 1021.308 1021.308 1021.308 1021.308 1204.364 1961.415 1790.5 1473.835 2035.399 1325.2 1052.208 2096.212 2145.034 2145.034 1930.854 1645.175 1476.668 1473.768 1473.768 1437.886 1416.802 1416.802 1416.802 2596.831 3995.52 3995.52 3995.52 3995.52 3995.52 6373.204 9261.211 8017.304 7629.977 9098.6 9587.876 10137.75 9515.088 7158.024 5115.176 1680.94 0 0 0 0 0 0 0 0 0 0 0 0 0 0 0 0 0 0 0 0 0 0 0 0 0
1587.007 2060.013 2268.57 1946.836 1669.109 1669.109 1669.109 1669.109 1669.106 1583.764 1432.867 1152.317 1256.513 1021.542 1196.368 1908.114 2021.141 2021.141 1766.697 1569.066 2009.645 1775.85 1986.833 2145.524 2145.524 1917.204 1851.734 1597.517 1474.105 1474.105 1458.623 1424.614 1417.125 1630.841 4786.434 4195.491 3996.433 3996.433 6149.717 7959.109 9686.091 8483.046 7720.917 7720.917 8030.107 9445.662 9167.463 5607.247 1224.976 0 0 0 0 0 0 0 0 0 0 0 0 0 0 0 0 0 0 0 0 0 0 0 0 0 0 0
2703.634 2269.086 2269.086 2266.531 1911.391 1716.564 1669.488 1669.488 1669.488 1669.488 1669.569 1838.03 1910.792 1753.676 1924.581 2021.6 2021.601 2021.601 1761.54 1504.534 1506.85 1507.498 2094.852 2146.012 2142.326 1872.238 1855.311 1795.76 1557.298 7571.119 4058.201 1439.373 2084.49 2649.384 7133.433 6090.967 5266.916 5464.577 9750.64 9766.934 9766.934 13356.78 12129.57 7722.673 7309.453 4005.136 647.7608 0 0 0 0 0 0 0 0 0 0 0 0 0 0 0 0 0 0 0 0 0 0 0 0 0 0 0 0 0
3314.288 2269.602 2269.602 2269.602 2238.15 1780.151 1669.868 1669.868 2037.544 2323.81 2000.593 1915.515 1915.515 1915.515 1915.945 1960.852 2008.578 2022.061 1957.283 1713.558 1504.876 1504.876 1922.728 2146.5 2116.491 1856.402 1855.733 1855.733 1834.637 13802.44 4827.144 3652.26 6712.101 6297.739 7800.953 7888.042 7888.042 8198.563 9578.945 9769.155 11487.55 17427.27 16997.01 4966.721 538.6962 0 0 0 0 0 0 0 0 0 0 0 0 0 0 0 0 0 0 0 0 0 0 0 0 0 0 0 0 0 0 0
3062.979 2270.116 2270.116 2244.95 1891.524 1670.246 1670.246 1670.246 2305.237 2504.095 2124.13 1915.948 1915.948 1915.948 1915.948 1915.948 1922.692 2019.939 2022.519 1862.488 1505.217 1505.217 1787.76 2418.077 4903.285 5219.157 2476.491 5372.438 4636.109 9428.724 13214.4 6707.313 7555.402 7713.035 7754.556 7851.857 8190.719 8604.729 9771.367 9659.941 15889.62 15525.6 3446.661 0 0 0 0 0 0 0 0 0 0 0 0 0 0 0 0 0 0 0 0 0 0 0 0 0 0 0 0 0 0 0 0 0
4838.718 3660.619 2564.552 2223.811 2180.33 2265.721 1958.61 1983.308 2353.213 2504.662 2211.762 1916.382 1916.382 1916.382 1916.382 1941.651 2023.433 2022.977 2022.977 3452.387 3980.829 1505.558 2238.272 3993.905 8277.278 8175.933 8016.871 8408.847 8490.635 8542.439 14376.05 12887.87 8111.385 7714.781 9864.498 8553.708 9298.809 9246.806 9362.114 9094.12 4925.315 423.0097 0 0 0 0 0 0 0 0 0 0 0 0 0 0 0 0 0 0 0 0 0 0 0 0 0 0 0 0 0 0 0 0 0 0
5229.202 5228.692 4328.894 3584.924 3111.248 3616.422 2865.57 2505.24 2505.853 2715.574 2452.217 3440.099 2213.383 3350.357 1916.814 2991.76 5194.079 5484.9 2648.017 3835.779 8151.292 6844.697 8801.872 8487.838 8344.249 8648.675 8198.65 8490.844 8515.022 8515.022 18412.56 18236.01 17634.47 16464.36 13642.92 19051.38 12839.4 9301.55 8750.128 2408.302 0 0 0 0 0 0 0 0 0 0 0 0 0 0 0 0 0 0 0 0 0 0 0 0 0 0 0 0 0 0 0 0 0 0 0 0
4979.258 4554.837 4323.401 4312.615 4312.615 3740.915 3390.881 3138.173 5503.397 7246.086 7771.808 5839.959 7480.402 9178.318 8229.865 7335.02 6209.726 6492.611 9650.791 9032.886 8726.364 8453.054 8945.914 9122.47 9121.232 8965.993 8068.597 8198.554 8228.94 8516.938 16383.1 18491.75 20947.11 21595.72 16414.1 18671.06 15461.46 10212.67 2003.88 0 0 0 0 0 0 0 0 0 0 0 0 0 0 0 0 0 0 0 0 0 0 0 0 0 0 0 0 0 0 0 0 0 0 0 0 0
4125.427 4313.582 4313.582 4313.582 4313.582 3975.345 3391.642 3391.642 4331.997 6634.602 8516.689 8583.516 8984.527 8870.416 9269.033 6897.045 6211.119 6258.481 9146.477 10399.28 9296.325 8454.949 8732.363 9144.061 8905.536 8524.182 8252.921 8403.38 8155.077 8776.586 16603.38 17389.24 21814.25 21841.14 17947.69 13832.56 12454.5 2454.889 0 0 0 0 0 0 0 0 0 0 0 0 0 0 0 0 0 0 0 0 0 0 0 0 0 0 0 0 0 0 0 0 0 0 0 0 0 0
4152.955 4295.937 4302.191 4314.43 4295.93 3480.624 3392.4 3392.4 3392.4 3392.4 7330.424 8550.194 8559.553 9251.701 9041.853 7484.806 6786.246 6863.669 7059.763 10432.53 14987.46 13452.82 23615.12 13721.22 8688.65 8517.658 8661.366 8771.493 10389.96 14724.43 17077.47 17579.75 20528.04 21977.17 16186.4 11286.91 1851.077 0 0 0 0 0 0 0 0 0 0 0 0 0 0 0 0 0 0 0 0 0 0 0 0 0 0 0 0 0 0 0 0 0 0 0 0 0 0 0
4293.256 4293.256 4293.256 4310.147 4315.51 3998 3605.606 3961.62 4364.691 4514.149 5424.391 7752.624 5353.128 7437.214 6902.644 7698.062 7609.385 7609.385 9207.278 14625.79 17181.14 20963.33 107811.8 54163.12 10896.42 8519.56 8604.538 8771.285 10742.54 14464.09 18473.17 20223.71 20830.88 27745.8 27506.38 1064.031 0 0 0 0 0 0 0 0 0 0 0 0 0 0 0 0 0 0 0 0 0 0 0 0 0 0 0 0 0 0 0 0 0 0 0 0 0 0 0 0
4294.21 4294.21 4404.82 4370.554 4539.77 4682.434 4418.887 4925.682 4901.94 4901.667 4846.214 4839.411 5005.764 5682.111 6049.357 6594.814 7588.915 7918.626 12160.71 13395.35 14090.49 21231.45 132390.4 68169.39 13813.05 8893.094 9708.198 10833.19 12646.66 16982.21 19297.19 17643.45 21253.83 67107.98 63512.12 0 542.8262 0 0 0 0 0 0 0 0 0 0 0 0 0 0 0 0 0 0 0 0 0 0 0 0 0 0 0 0 0 0 0 0 0 0 0 0 0 0 0
4417.792 4305.891 4629.894 5332.87 5334.46 5345.456 5345.456 5029.418 4903.029 4865.928 4785.552 4984.367 5934.497 6050.701 6050.701 6050.701 10179.85 14927.89 13104.17 12509.79 13028.71 13124.82 8607.01 27664.22 14743.77 20309.32 26268.54 21008.9 14470.01 14754.18 15134.87 15793.85 26118.43 129681.6 66767.27 0 464.6115 131.8067 0 0 0 0 0 0 0 0 0 0 0 0 0 0 0 0 0 0 0 0 0 0 0 0 0 0 0 0 0 0 0 0 0 0 0 0 0 0
5655.973 5297.984 5151.842 5379.499 5346.64 5346.64 5383.363 5191.483 4910.275 4864.314 4786.221 4786.221 5469.239 6303.91 6056.384 6261.992 14006.14 16842.99 18064.61 18175.05 17767.96 13843.62 7241.159 25663.51 34332.35 27136.17 26397.04 25970.73 18083 15676.88 15761.23 16678.86 17058.4 9273.06 2169.381 0 291.4608 494.5541 0 0 0 0 0 0 0 0 0 0 0 0 0 0 0 0 0 0 0 0 0 0 0 0 0 0 0 0 0 0 0 0 0 0 0 0 0 0
9290.156 7447.378 5462.592 5446.904 5417.725 5421.219 5469.446 5480.004 5384.103 5915.244 4826.076 4787.277 5694.771 7465.899 6620.521 9339.194 16614.39 16688.38 16688.38 17230.28 18606.78 18155.57 8349.596 13287.25 25693.77 25716.71 21298.51 23059.18 21213.61 22909.28 18496.43 15928.34 13011.47 5801.092 4532.834 3510.399 2545.057 557.5046 0 0 0 0 0 0 0 0 0 0 0 0 0 0 0 0 0 0 0 0 0 0 0 0 0 0 0 0 0 0 0 0 0 0 0 0 0 0
9307.73 7195.072 5463.796 5464.496 5475.735 5481.213 5481.213 5481.213 6067.136 7088.993 6924.585 5641.551 6491.201 7480.391 7480.61 7480.61 14247.13 16607.75 16397.76 18121.57 19293.99 18406.13 9008.684 7244.353 16946.15 20338.91 14572.24 16481.4 21382.29 22962.18 18465.61 14380.77 13409.84 5251.328 5191.004 5191.004 4660.668 147.4944 0 0 0 0 0 0 0 0 0 0 0 0 0 0 0 0 0 0 0 0 0 0 0 0 0 0 0 0 0 0 0 0 0 0 0 0 0 0
9309.773 9177.938 6478.714 5653.096 5470.438 5482.319 8800.227 6971.191 7074.332 7090.549 7395.841 7439.94 7440.714 7489.265 7519.412 7482.252 11872.15 14440.84 12345.15 29110.3 21049.47 19563.29 9959.816 9116.705 15364.77 16809.52 12685.67 12910.27 15671.67 18312.55 12254.48 13508.47 10844.39 5343.593 5192.144 5192.144 3817.506 0 0 0 0 0 0 0 0 0 0 0 0 0 0 0 0 0 0 0 0 0 0 0 0 0 0 0 0 0 0 0 0 0 0 0 0 0 0 0
6939.908 9041.295 8523.949 8070.258 5603.367 5483.616 16529.98 14756.11 13168.91 7092.102 7284.19 7441.569 7455.118 8046.861 7899.443 9190.148 12162.65 12430.09 12419.27 27570.29 41696.73 31645.75 17810.61 16689.33 16547.65 17173.61 13235.63 11840.99 11100.89 10490.42 10293.46 7615.203 5577.365 5553.882 5375.5 5390.526 2835.755 0 0 0 0 0 0 0 0 0 0 0 0 0 0 0 0 0 0 0 0 0 0 0 0 0 0 0 0 0 0 0 0 0 0 0 0 0 0 0
6055.766 7577.594 8483.745 8783.436 7127.606 6816.461 20699.52 29333.62 23570.41 10685.11 14773.63 7769.793 7917.145 8143.955 8129.825 10386.02 13734.9 13979.38 14175.53 18604.03 29549.34 22307.7 17646.48 17257.04 16912.31 18123.19 18665.8 16915.89 14343.67 12837.17 13856.72 12951.84 8572.914 7920.641 8896.179 7359.532 1407.052 0 0 0 0 0 0 0 0 0 0 0 0 0 0 0 0 0 0 0 0 0 0 0 0 0 0 0 0 0 0 0 0 0 0 0 0 0 0 0
5644.83 7438.974 7693.586 7609.651 7548.25 7465.124 9019.32 30346.16 31918.58 31041.5 25710.99 8139.482 11001.69 10235.43 10336.5 11051.83 12979.1 13366.75 17458.97 18031.56 17842.67 17158.58 20302.08 22880.97 12024.93 10389.35 19736.47 21785.17 15904.92 15462.71 15730.1 15966.83 10926.08 10183.3 10563.94 8040.158 0 0 0 0 0 0 0 0 0 0 0 0 0 0 0 0 0 0 0 0 0 0 0 0 0 0 0 0 0 0 0 0 0 0 0 0 0 0 0 0
7791.182 7753.876 7697.976 7616.845 7468.07 7466.746 7620.698 15910.59 11925.68 25996.04 11278.22 8134.139 10905.61 13214.14 12835.78 12068.64 12696.59 15491.82 17633.62 17794.15 17862.46 17711.04 21270.12 24500.06 16528.51 10269.94 15870.61 29391.2 37207.66 23227.11 11039.57 11678.55 9513.42 9423.537 9881.998 5047.717 225.0319 0 0 0 0 0 0 0 0 0 0 0 0 0 0 0 0 0 0 0 0 0 0 0 0 0 0 0 0 0 0 0 0 0 0 0 0 0 0 0
8009.48 7899.02 7544.831 7486.869 6406.101 6008.669 6467.825 6740.986 7291.844 9315.236 7977.183 7185.391 9496.564 13074.95 12005.2 11989.98 16263.2 17326.77 16300.92 17085.97 20888.48 17161.07 17553.84 23975.94 18124.32 10272.17 14715.63 29708.73 29582.08 24900.02 9604.914 9540.016 9425.58 8922.751 3783.45 210.5145 0 0 0 0 0 0 0 0 0 0 0 0 0 0 0 0 0 0 0 0 0 0 0 0 0 0 0 0 0 0 0 0 0 0 0 0 0 0 0 0
8055.062 7905.788 6018.648 5808.389 5568.609 5568.609 6340.083 6742.444 7762.555 7597.063 6502.952 6497.21 9140.662 11030.58 10652.99 10735.13 21683.65 22172.8 16578.58 21731.36 34093.7 27921.51 19038.88 22401.84 21365.29 14175.19 18909.45 13925.42 10541.66 9997.153 9606.991 9592.266 6901.364 1195.715 0 0 0 0 0 0 0 0 0 0 0 0 0 0 0 0 0 0 0 0 0 0 0 0 0 0 0 0 0 0 0 0 0 0 0 0 0 0 0 0 0 0
8206.809 8851.599 8094.024 12615.81 16618.75 22978.22 6818.194 7161.468 8375.357 6979.186 6498.612 6498.612 6498.612 9928.312 11899.61 19189.87 23364.89 23364.89 20808.89 22552.63 29880.13 31180.69 27573.23 20987.02 19463.04 19883.45 19586.98 13343.95 10543.93 10132.08 6777.217 2167.116 0 0 0 0 0 0 0 0 0 0 0 0 0 0 0 0 0 0 0 0 0 0 0 0 0 0 0 0 0 0 0 0 0 0 0 0 0 0 0 0 0 0 0 0
16836.89 16596.62 8842.316 29631.73 33370.56 21531.36 8635.66 8592.954 8732.409 8710.766 7969.018 7476.122 6500.007 7144.079 19250.31 23369.91 20468 21835.96 14813.94 19577.74 19097.55 12709.82 19098.73 12193.96 14120.84 15189.11 17379.98 11663.82 6570.356 1507.045 0 0 0 0 0 0 0 0 0 0 0 0 0 0 0 0 0 0 0 0 0 0 0 0 0 0 0 0 0 0 0 0 0 0 0 0 0 0 0 0 0 0 0 0 0 0
18631.51 14375.12 14168.62 25444.9 19665.04 9877.161 8757.061 9725.389 9465.436 9800.92 9559.379 4981.549 5128.954 4649.454 4850.469 8897.766 10915.25 12694.13 13135.41 18032.77 19238.51 9393.396 9253.877 9625.285 12969.92 9671.433 6480.042 1857.146 0 0 0 0 0 0 0 0 0 0 0 0 0 0 0 0 0 0 0 0 0 0 0 0 0 0 0 0 0 0 0 0 0 0 0 0 0 0 0 0 0 0 0 0 0 0 0 0
9288.24 9534.594 10347.04 10283.97 8988.796 8831.731 9898.873 10676.78 10272.66 9945.812 6199.947 4643.449 4643.449 4007.182 2753.021 2025.762 1820.678 3558.705 9413.4 16872.76 22120.73 12304.31 8967.09 5117.849 730.7317 0 0 0 0 0 0 0 0 0 0 0 0 0 0 0 0 0 0 0 0 0 0 0 0 0 0 0 0 0 0 0 0 0 0 0 0 0 0 0 0 0 0 0 0 0 0 0 0 0 0 0
