indp90ag.asc
ncols         816
nrows         816
xllcorner     65
yllcorner     5
cellsize      0.0416666666667
NODATA_value  -9999
[rows 408 to 441 of 816, columns 304 to 379 of 816]
2492.003 2492.003 2492.003 2492.003 2492.003 2492.003 2492.003 2492.003 2655.061 3024.732 3026.695 3026.695 3026.695 3026.695 3026.695 3026.695 2954.472 2508.228 2462.457 2462.457 3487.616 6100.647 6363.918 6257.256 5235.862 4459.781 3982.95 5319.539 6363.918 6363.918 6363.918 6363.918 6363.918 4310.005 1985.669 1985.669 1985.669 1985.669 1985.669 1985.669 2097.865 2762.088 2762.088 2762.088 2539.016 2178.365 2177.309 2177.309 2177.309 2177.309 2177.309 2177.309 2200.188 3158.802 4450.496 4450.496 4450.496 4450.496 3900.38 2417.421 1920.584 1920.584 1920.584 1920.584 1920.584 1877.434 1683.368 1663.99 1663.99 1663.99 1663.99 1663.99 1663.99 1663.99 1663.99 1666.871
2492.736 2492.736 2492.736 2492.736 2492.736 2492.736 2492.736 2644.365 3021.851 3027.584 3027.584 3027.584 3027.584 3027.584 3027.584 3027.584 2727.315 2859.838 2856.834 3564.991 6292.23 6365.789 6365.789 6365.789 6365.789 6326.176 6108.737 6365.789 6365.789 6365.789 6365.789 5526.325 4075.452 2138.433 1986.252 1986.252 1986.252 1986.252 1986.252 1986.252 2315.31 2762.9 2655.255 2581.513 2294.971 1876.711 2177.929 2177.949 2177.949 2177.949 2177.949 2177.949 2634.932 3535.335 4397.354 4451.804 4451.804 4451.804 4451.804 4429.706 2815.274 1921.148 1921.148 1921.148 1921.148 1913.486 1774.953 1664.479 1664.479 1664.479 1664.479 1664.479 1664.479 1664.479 1664.479 1673.374
2493.467 2493.467 2493.467 2493.467 2493.467 2493.467 2493.467 2732.958 2989.128 2880.615 3028.47 2623.236 2370.334 2785.346 3028.472 2878.543 2938.302 3028.472 3028.472 3249.375 3947.361 3739.705 3011.074 4503.077 6367.656 6367.656 6367.656 6367.656 6367.656 6367.656 6367.656 5740.239 1986.835 1986.835 1986.835 1986.835 1986.835 1986.835 1986.835 1996.056 2643.438 1775.566 1502.676 1648.025 1706.68 1551.137 1945.761 2178.587 2178.587 2178.587 2178.587 2178.587 2835.844 3915.479 4450.229 4453.109 4453.109 4453.109 4453.109 4453.109 3161.18 1921.712 1921.712 1921.712 1921.712 1921.712 1756.585 1664.967 1664.967 1664.967 1664.967 1664.967 1664.967 1664.967 1664.967 1664.967
2493.534 2494.197 2494.197 2494.197 2494.197 2494.197 2494.197 2482.13 2293.908 2274.784 2420.904 2270.913 2270.913 2271.959 2405.232 2278.097 2375.5 2478.945 2476.748 2419.604 2133.485 2115.337 2115.337 2117.472 3348.957 4267.612 5936.089 6369.52 6369.52 6369.52 6369.52 5047.019 2025.066 1987.417 1987.417 2058.583 2012.875 1987.417 1986.992 1709.389 1526.976 1489.656 1489.656 1489.656 1489.656 1489.656 1652.804 2179.225 2179.225 2179.225 2179.225 2327.934 2605.677 2817.216 4398.1 4454.413 4454.413 4454.413 4454.413 4454.413 3546.595 1922.274 1922.274 1922.274 1922.274 1922.274 1874.327 1699.584 1665.454 1665.454 1665.454 1665.454 1665.454 1665.454 1665.454 1665.454
1832.436 1961.546 2494.858 2494.924 2494.924 2494.924 2494.924 2450.004 2271.575 2271.575 2271.575 2271.575 2271.575 2271.575 2271.575 2271.575 2271.575 2271.575 2259.078 2132.882 2115.954 2115.954 2115.954 2115.954 2115.954 2132.822 3623.353 4674.026 6065.337 4699.399 4961.598 3366.447 2836.621 2356.132 2340.758 2568.486 2526.397 2078.729 1979.421 1657.288 1490.09 1490.09 1490.09 1490.09 1490.09 1490.09 1499.832 1679.203 2192.178 2254.428 2303.344 2514.332 2636.866 2636.866 3510.245 4434.296 4455.712 4455.712 4455.712 4455.712 4355.958 2041.899 1922.835 1922.835 1922.835 1922.835 1915.733 1864.321 1801.049 1665.94 1665.94 1665.94 1665.94 1665.94 1665.94 1664.443
1694.146 1733.867 2319.54 2489.729 2495.652 2495.652 2495.652 2490.24 2321.004 2272.237 2272.237 2272.237 2272.237 2272.237 2272.237 2272.237 2272.237 2272.237 2210.734 2116.571 2116.571 2116.571 2116.571 2116.571 2116.571 2466.861 2986.558 2986.558 3663.698 3186.691 2986.558 2986.558 2710.892 2615.028 2615.028 2615.028 2615.028 2568.131 1801.629 1534.027 1490.524 1490.524 1490.524 1490.524 1490.524 1490.524 1490.524 1490.574 1904.98 2637.635 2637.635 2637.635 2637.635 2637.635 2637.635 4023.861 4457.011 4457.011 4457.011 4457.011 4457.011 3221.704 1923.395 1923.395 1923.395 1923.635 2101.367 2138.53 1848.141 1666.426 1666.426 1666.426 1666.426 1665.673 1653.668 1646.449
1694.638 1695.281 1924.187 2476.198 2495.651 2393.7 2496.378 2313.857 2272.898 2272.898 2272.898 2272.898 2272.898 2272.898 2272.898 2272.898 2272.898 2272.898 2210.608 2117.187 2117.187 2117.187 2117.187 2117.187 2117.187 2655.005 2987.427 2987.427 2987.427 2987.427 2987.427 2981.757 2646.667 2615.789 2615.789 2615.789 2615.789 2297.205 1493.977 1490.958 1490.958 1490.958 1490.958 1490.958 1490.958 1490.958 1490.958 1490.958 2146.296 2638.403 2638.403 2638.403 2638.403 2638.403 2638.403 4028.022 4458.308 4458.308 4458.308 4458.308 4458.308 3635.747 1923.955 1923.955 2145.443 3001.231 3207.954 3207.954 2638.926 1666.911 1666.911 1666.911 1666.911 1647.047 1602.489 1602.845
1695.13 1695.13 1707.997 1867.747 2022.562 1734.103 2273.153 2379.428 2273.558 2273.558 2273.558 2273.558 2273.558 2273.558 2273.558 2273.558 2272.579 2183.168 2118.724 2117.802 2117.802 2117.802 2117.802 2117.802 2117.802 2568.548 2988.295 2988.295 2988.295 2988.295 2988.295 2969.698 2635.654 2616.549 2616.549 2616.549 2616.549 2676.161 2180.176 2152.109 1569.953 1897.384 1491.391 1491.391 1491.391 1491.391 1491.391 2367.002 2554.29 2639.169 2639.169 2639.169 2639.169 2639.169 2639.169 4014.541 4459.603 4459.603 4459.603 4459.603 4459.603 4424.094 2985.44 1971.421 2586.849 3208.885 3208.885 3208.885 3200.263 1722.931 1667.395 1667.395 3543.699 2415.631 1601.51 1601.51
1695.621 1695.621 1695.621 1695.621 1695.621 1695.621 1695.621 2025.74 2274.216 2274.216 2274.216 2274.216 2274.216 2274.216 2274.216 2274.216 2254.91 2118.414 2118.414 2118.414 2118.414 2118.414 2118.414 2118.414 2160.334 2988.784 2989.159 2989.159 2989.159 2989.159 2989.159 2989.159 2677.395 2617.306 2570.237 2164.654 2291.259 2326.2 2851.222 2851.222 2789.992 2844.396 2821.727 2423.632 1491.823 1526.255 1819.001 2608.782 2639.932 2639.932 2639.932 2639.932 2639.932 2639.932 2639.932 3977.169 4460.893 4460.893 4460.893 5421.315 6114.204 4858.143 3292.434 3144.443 3202.856 3209.813 3209.813 3209.813 3126.408 1683.728 1667.877 1667.877 2821.129 2687.534 1601.974 1601.974
1696.11 1696.11 1696.11 1696.11 1696.11 1696.11 1696.11 1738.087 2221.76 2274.873 2274.873 2274.873 2274.873 2274.873 2274.873 2238.692 2129.91 2953.603 2125.124 2119.026 2119.026 2119.026 2119.026 2119.026 2125.51 2927.652 2990.022 2990.022 2990.022 3186.92 3975.357 4331.743 3976.921 3616.688 2370.986 2050.189 2050.189 2320.364 2852.045 2852.045 2852.045 2852.045 2852.045 2455.099 1531.456 2351.537 2640.694 2640.694 2845.667 3067.916 2651.668 2640.694 2640.694 2640.694 2702.337 4104.663 4462.181 4468.701 6543.257 8143.995 9136.442 8549.676 5458.546 3210.74 3210.74 3210.74 3210.74 3210.74 2935.903 1670.021 1668.359 1668.359 1844.399 2487.117 1602.436 1602.436
1696.6 1696.6 1696.6 1696.6 1696.6 1696.6 1869.629 2222.278 2275.529 2275.529 2275.529 2275.529 2764.776 2883.878 3659.353 3296.518 4038.321 4171.922 2436.414 2119.637 2119.637 2119.637 2119.637 2119.637 2133.919 2981.013 2990.885 2990.885 2990.885 3709.112 4537.833 4488.375 2956.302 2050.781 2050.781 2050.781 2050.781 2213.507 2834.013 2852.868 2852.868 2852.868 2852.868 2781.76 1931.832 2035.438 2928.092 3247.182 3592.029 3653.797 3548.815 2800.637 2641.457 2704.887 3334.788 4472.213 5685.717 7298.115 9139.079 9139.079 9139.079 9139.079 8573.039 4422.083 3224.517 3211.667 3211.667 3211.667 3211.667 2867.957 1936.31 1668.84 3052.125 2894.414 1602.899 1602.899
1697.088 1697.088 1697.088 1697.088 1697.088 1697.088 2048.824 2276.183 2276.183 2276.183 2276.183 2276.183 3782.301 4184.873 4184.873 4184.873 4184.873 4184.873 2578.999 2077.791 2080.24 2117.949 2120.247 2120.247 2151.189 2993.485 2992.429 2991.745 3047.486 3420.366 4539.008 4021.673 2051.37 2051.37 2051.37 2051.37 2051.37 2190.846 2853.53 2853.688 2853.688 2853.688 2853.688 3175.848 3265.129 3163.159 3654.848 3654.848 3654.848 3654.848 3654.848 3560.507 3356.227 3191.404 3654.853 4337.091 5668.119 8362.045 9141.707 9141.707 9141.707 9141.707 9141.707 9110.788 6210.457 3212.59 3212.59 3212.59 3212.59 3212.59 3964.097 4175.217 4409.935 3351.451 1603.36 1603.36
1697.576 1697.576 1697.576 1697.576 1697.576 1697.576 1997.2 2276.838 2276.838 2276.838 2292.717 2956.237 4183.503 4186.075 4186.075 4186.075 4186.075 4186.075 2770.166 2032.236 2032.236 2053.568 2056.931 2053.876 2351.862 4405.893 4448.196 4360.913 4502.499 4341.714 4485.045 4190.462 2366.085 2051.96 2051.96 2051.96 2051.96 2115.825 2854.276 2854.509 2854.509 2854.509 3069.922 3627.269 3655.899 3655.899 3655.899 3655.899 3655.899 3655.899 3655.899 3655.899 3655.899 3655.899 3659.367 4536.048 4767.992 7281.321 9144.335 9144.335 9144.335 9144.335 9144.335 7928.773 6246.813 3665.465 3215.26 3578.191 4103.077 3564.38 4213.302 4482.612 4482.612 3470.307 1648.336 1763.67
1698.062 1698.062 1698.062 1698.062 1698.062 1698.062 1708.85 2084.078 2349.368 2914.704 3638.023 4187.274 4187.274 4187.274 4187.274 4187.274 4187.274 4187.274 3022.95 2032.818 2032.818 2032.818 2032.818 2032.818 2278.93 4541.743 4541.743 4541.743 4541.743 4541.743 4541.743 4541.743 4292.807 2659.822 2052.548 2052.548 2052.548 2059.296 2720.823 2855.326 2855.326 2855.326 3341.238 3656.946 3695.137 3717.421 3687.04 3760.99 3658.447 3656.996 3656.946 3656.946 3656.946 3656.946 4385.794 4731.003 4908.418 9100.047 9146.953 9146.953 9146.953 9146.953 8649.185 6499.8 6081.108 5168.348 3967.583 4435.699 4483.896 4483.896 4483.896 4483.896 4481.114 2900.645 2354.552 2361.958
1869.983 1798.292 2645.436 2675.725 2308.929 1727.466 2025.14 2924.206 3421.522 3631.266 4188.416 4188.471 4188.471 4188.471 4188.471 4188.471 4188.471 4188.471 3155.058 2033.399 2033.399 2033.399 2033.399 2033.399 2086.442 3570.482 4712.049 4597.418 4543.041 4543.041 4543.041 4543.041 4528.197 2100.829 2053.134 2053.134 2053.134 2053.134 2259.166 2853.412 2856.142 2856.142 2895.777 3622.192 3995.853 4023.752 3907.089 4042.875 3963.893 3825.444 3657.991 3657.991 3734.197 4295.998 4720.891 4732.355 4732.355 7397.85 7651.028 5663.065 7116.877 7430.896 6189.395 6082.847 6082.847 4856.451 4060.715 3692.137 4336.584 4485.177 4485.177 4485.177 4139.732 2504.892 2499.501 2499.501
4532.621 3643.591 4991.755 4868.622 3475.903 3127.066 3314.277 3449.083 3449.083 3539.249 3684.165 4189.666 4189.666 4189.666 3792.828 3254.369 2157.743 2317.321 2055.61 2033.979 2033.979 2033.979 2033.979 2033.979 2307.277 4438.37 5030.044 4917.619 4817.99 4544.054 4533.217 4544.336 4493.174 2731.59 2053.72 2053.72 2053.72 2053.72 2053.72 2639.514 3055.63 3230.488 3349.669 3131.362 3897.267 4045.109 4045.109 4045.109 4045.109 3907.129 3659.034 3770.061 4516.458 4733.705 4733.705 4733.705 4733.705 4712.414 4366.664 4360.542 4360.542 4360.542 4711.625 6084.582 6084.582 5588.916 4653.049 3157.792 3340.532 4341.268 4422.826 4348.536 2968.869 2500.214 2503.495 2521.093
4993.175 4993.175 4993.175 4472.647 3450.064 3450.064 3450.064 3450.064 3450.064 3165.656 2183.987 2909.972 2661.044 2574.68 2205.842 2034.557 2034.557 2034.557 2034.557 2034.557 2034.557 2034.557 2390.267 3166.641 3776.855 4585.736 5031.476 5031.476 5031.476 4488.16 4136.045 4471.103 4860.87 4101.408 3010.868 2054.304 2054.304 2054.304 2054.304 2344.899 3466.387 3484.199 3484.199 3484.199 3526.646 4004.793 4046.26 4046.26 4046.26 3935.311 3788.826 3981.866 4385.565 4728.889 4735.052 4735.052 4735.052 4554.893 4361.783 4361.783 4361.783 4361.783 4407.05 5344.246 6086.313 6032.009 3341.694 3132.99 3132.99 3132.99 3440.856 3273.669 2761.058 2757.171 2829.433 2773.783
4994.594 4994.594 4788.453 3502.864 3451.044 3451.044 3451.044 3451.044 3451.044 2965.797 2164.21 2164.21 2164.21 2164.21 2149.517 2080.376 2035.135 2035.135 2035.135 2035.135 2035.135 2286.195 3709.76 3677.081 3823.326 3919.508 4628.863 5019.136 5032.905 4624.99 4018.63 31604.32 10146.42 6194.666 4205.516 2372.133 2054.888 2054.888 2054.888 2190.177 3232.763 3485.189 3485.189 3485.189 3485.189 3826.335 4047.41 4047.41 4268.573 4424.015 4070.712 4047.41 4069.311 4680.971 4736.397 4736.397 4736.397 3885.075 3701.104 4179.178 4325.577 4363.022 4363.022 4720.676 5959.605 5806.579 5460.316 3398.548 3133.88 3133.88 3133.88 3018.187 2840.977 2840.977 2840.977 2840.977
4996.01 4969.815 3926.724 3452.023 3452.023 3452.023 3452.023 3452.023 3452.023 2796.531 2164.823 2164.823 2164.823 2164.823 2164.823 2144.455 2118.456 2084.772 2050.49 2036.405 2035.712 2933.577 3824.409 3824.409 3824.409 3824.409 3825.859 4784.184 5034.331 4799.487 4019.77 87802.16 70321.01 41095.54 11838.52 6450.705 3845.214 2248.082 2055.47 2179.948 3428.367 3486.177 3486.177 3486.177 3486.177 4463.174 4549.16 4635.899 5198.766 5375.263 4985.011 4248.176 4529.871 4562.831 4377.786 4326.696 4251.21 3366.331 3164.621 3164.621 3176.397 3697.315 4146.384 4364.259 2910.557 1903.904 4141.02 3134.769 3134.769 3117.267 2991.794 2849.157 2841.783 2841.783 2841.783 2841.783
4997.423 4996.253 3647.509 3452.999 3452.999 3452.999 3452.999 3452.999 5544.823 7824.341 2225.683 2165.436 2165.436 2165.436 2165.471 2167.921 2168.962 2168.962 2168.962 2093.334 2094.048 3492.057 3825.491 3825.491 3825.491 3825.491 3944.942 4908.953 5035.755 4743.641 11849.91 100202.4 104437.3 104437.3 71967.02 9291.674 6728.782 6410.914 4390.066 2730.303 3487.163 3487.163 3487.163 3487.163 3492.756 5324.604 5376.784 5376.784 5376.784 5376.784 5376.784 5376.784 5059.895 3986.562 3979.55 3979.55 3979.55 3979.548 3440.418 3165.516 3165.516 3165.516 3340.416 4058.631 2192.623 1708.247 2596.017 3070.564 2944.49 2860.465 2842.587 2842.587 2842.587 2842.587 2842.587 2842.587
4953.396 7602.27 5850.667 5165.213 4608.062 4873.723 7392.825 6030.546 10263.49 3022.402 2435.153 2180.665 2151.924 2147.135 2160.19 2169.574 2169.573 2169.573 2169.573 2169.573 3391.037 3826.569 3826.569 3826.569 3826.569 3826.572 3965.889 4025.096 4752.9 4783.184 55725.81 104466.7 104466.7 104466.7 104466.7 27013.95 6730.678 6730.678 6730.678 5941.452 5177.319 3580.528 3488.146 3488.146 3488.164 5347.849 5378.299 5378.299 5378.299 5378.299 5378.299 5225.656 4866.31 4549.287 4053.701 3980.671 3980.671 3980.671 3462.161 3166.408 3166.408 3166.408 3166.408 2731.858 1708.728 1708.728 2117.24 2856.9 2843.388 2843.388 2843.388 2843.388 2843.388 2843.388 2843.388 2843.388
7498.799 11301.53 11301.53 11301.53 10524.93 10697.7 11301.53 7906.629 4783.312 2616.012 2616.012 2234.321 2107.529 2106.587 2139.185 2157.333 2170.039 2157.825 2170.185 2170.185 2433.376 3221.28 3827.647 3827.647 3827.647 3875.744 4023.173 4023.173 4302.034 5127.178 56321.87 104172.5 104496.1 101669.5 82250.05 11557.38 6732.574 6732.574 6732.574 6732.574 6732.574 4762.184 3377.013 3489.128 3595.83 5323.948 5379.814 5379.814 5379.814 5379.814 5379.814 5137.784 4860.412 4799.427 4096.801 3981.793 3981.793 3981.793 3312.615 3167.3 3167.3 3167.3 3167.3 2155.991 1709.209 1709.209 1971.078 2906.336 2962.036 3199.687 3017.325 2844.231 2883.902 2891.29 2844.189 2845.496
8680.392 11304.71 11304.71 11304.71 11304.71 11304.71 9754.92 4076.709 2616.748 2616.748 2616.748 2413.598 2106.556 2106.556 2112.24 2110.171 2124.256 2142.281 2170.795 2170.795 2170.795 2186.331 2991.154 3824.97 3881.876 5026.696 5110.83 5129.165 5169.613 5209.659 6091.46 25706.37 59375.72 14635.83 4024.304 4075.863 6409.21 6734.467 6734.467 6632.013 4548.36 3176.787 2703.154 2986.154 3081.318 4081.917 5380.882 5381.327 5381.327 5381.327 5381.327 5143.439 4861.778 4574.979 3982.912 3982.912 3982.912 3982.912 3376.804 3168.191 3168.191 3168.191 2808.728 1732.839 1709.69 1709.69 1762.213 3830.341 4239.173 4250.257 4250.257 4073.431 4065.747 3990.405 3346.947 3498.28
8394.141 11307.87 11307.87 11307.87 11307.87 11307.87 6171.182 2617.48 2617.48 2617.48 2617.48 2372.352 2107.146 2107.146 2107.146 2107.146 2110.54 2143.835 2145.748 2171.394 2171.403 2171.403 2171.403 3148.833 3745.451 4873.517 5211.118 5211.118 5211.118 5211.118 5211.118 4609.124 4025.431 4025.431 4025.431 3375.4 3285.618 5014.314 4610.38 2710.977 2697.728 2697.728 2697.728 2697.728 2697.728 2697.728 4781.416 5382.833 5382.833 5152.938 5357.083 5197.45 4863.14 4781.592 4555.287 4206.878 3984.028 3984.028 3479.448 2519.059 2779.855 3127.35 2138.617 1710.169 1710.169 1710.169 2149.304 4186.206 4251.447 4251.447 4251.447 4251.447 4251.447 3942.57 3707.149 3707.149
11119.62 11311.04 11311.04 11311.04 11311.04 11240.92 2741.398 2618.213 2618.213 2618.213 2618.213 2399.528 2107.736 2107.736 2107.736 2107.736 2107.736 2107.736 2107.736 2151.909 2172.01 2257.913 2645.691 2779.17 3048.348 4660.56 5212.577 5212.577 5212.577 5212.577 5136.506 4182.062 4026.558 3915.196 3524.826 2516.077 2476.636 2667.6 2651.695 2696.776 2698.484 2698.484 2698.484 2698.484 2698.484 2698.484 3283.984 4714.36 4445.78 3599.639 3567.636 4486.778 4864.501 4864.501 4864.501 4216.629 3094.675 3310.159 2895.4 2292.904 2324.373 2344.391 1717.864 1710.648 1710.648 1710.648 1750.674 4167.295 4252.638 4252.638 4252.638 4252.638 4252.638 4034.43 3908.167 3756.83
11314.19 11314.19 11314.19 11314.19 11314.19 8055.008 2623.804 2618.944 2618.944 2618.944 2666.633 2635.792 2173.038 2108.324 2108.324 2108.324 2108.324 2108.324 2108.324 2114.91 2150.958 2172.616 2784.306 2926.041 2926.041 3895.45 5214.031 5214.031 5214.031 5214.031 4719.004 4027.681 4027.681 2929.467 2423.342 2423.342 2423.342 2427.751 2423.342 2439.121 2567.513 2699.236 2699.236 2699.236 2699.236 2699.236 2699.395 3017.299 3109.737 3109.737 3268.497 4822.779 4865.858 4865.858 4825.321 3075.791 2293.543 2293.543 2293.543 2293.543 2293.543 2293.543 2033.247 1711.125 1711.125 1711.125 1711.125 2768.24 3168.98 4051.225 4253.824 4253.824 4253.824 4253.824 4253.824 4061.527
10573.9 11317.34 11317.34 11317.34 11317.34 8149.645 3296.598 2618.179 2609.454 2549.091 3256.124 3289.553 2703.244 2443.105 2108.911 2108.911 2108.911 2108.911 2108.911 2108.911 2109.248 2205.503 2838.088 2926.855 2926.855 3225.231 4094.631 4369.086 5215.482 5201.97 4222.516 4028.802 4028.802 3099.075 2424.016 2424.016 2424.016 2424.016 2424.016 2424.016 2562.388 2699.987 2699.988 2699.988 2623.36 2163.597 2876.519 3110.602 3110.602 3110.602 3110.609 3464.418 4326.308 4403.493 3499.059 2901.034 2294.182 2294.182 2294.182 2294.182 2294.182 2284.269 1878.026 1711.601 1711.601 1711.601 1711.601 1711.601 1711.601 3306.828 4255.008 4255.008 4242.886 4255.008 4255.008 4255.008
4404.1 9844.826 11320.49 11320.49 11022.64 6112.121 2464.905 2515.228 2466.26 2462.739 3204.146 3293.455 3293.455 3293.419 2538.694 2109.496 2109.496 2109.496 2109.496 2109.496 5300.965 4334.402 2927.668 2927.668 2927.668 2927.668 2927.668 3103.243 4774.823 4788.902 4029.921 4029.921 3864.045 2609.471 2424.689 2424.689 2424.689 2424.689 2424.689 2424.689 2424.689 2641.016 2579.957 2068.206 1986.339 1954.49 2946.227 3111.466 3111.466 3111.466 3112.425 3157.032 3164.353 3164.353 3164.353 2997.212 2355.934 2294.819 2294.819 2294.819 2294.819 2069.017 1712.076 1712.076 1712.076 1712.076 1712.076 1509.63 1408.77 3084.789 4006.487 3482.117 3347.281 3567.062 4034.601 3929.075
3090.233 4599.286 7490.53 8984.062 7587.464 2463.423 2463.423 2463.423 2463.423 2683.473 3290.817 3294.369 3294.369 3294.369 3273.639 2505.854 2110.082 2110.082 2110.082 2339.853 6825.333 6276.74 3553.574 2928.481 2928.481 2928.481 2928.481 2928.481 3093.118 3304.155 4031.04 4031.04 3508.542 2425.363 2425.363 2425.363 2425.363 2425.363 2425.363 2348.822 2311.041 2172.874 1930.549 1810.997 2016.09 2880.077 3112.234 3112.33 3112.33 3112.33 3128.887 3165.232 3165.232 3165.232 3165.232 3142.966 2341.73 2295.456 2295.456 2295.456 2291.27 1799.261 1712.552 1440.893 1516.552 1298.582 1164.374 1113.288 1104.003 2119.407 3007.017 3007.017 3007.017 3007.017 3011.791 3668.062
3101.91 3101.807 3101.956 4737.475 3744.343 2464.104 2464.104 2464.104 2464.104 2970.643 3295.281 3295.281 3295.281 3295.281 3295.281 2321.783 2157.928 2315.625 5240.183 5976.514 7236.632 7236.632 6984.17 5793.71 3381.918 2929.291 2929.291 2929.291 2918.242 2470.699 3031.494 3771 2623.062 2426.033 2426.033 2426.033 2426.033 2424.304 2154.233 1893.173 1811.498 1811.498 1811.498 1811.498 2017.612 3113.191 3113.191 3113.191 3113.191 3113.191 3131.42 3166.107 3166.107 3166.107 3166.107 3155.617 2334.271 2296.091 2296.091 2296.091 2294.622 2227.23 2177.238 1540.921 1214.517 1104.308 1104.308 1104.308 1104.308 2179.324 3007.848 3007.848 3007.848 3007.848 3007.848 3355.158
3102.812 3102.812 3102.812 3102.812 3007.371 2515.278 2464.784 2464.784 2676.464 3153.781 3296.19 3296.19 3296.19 3296.19 3296.19 3131.298 3578.932 3609.57 6061.969 7238.629 7238.629 7238.629 7238.629 7238.629 6415.711 3130.679 2930.1 2930.1 2406.042 1640.798 1640.798 1890.665 2280.759 2390.438 2426.703 2426.703 2383.338 2007.074 1811.998 1811.998 1811.998 1811.998 1811.998 1811.998 2499.15 3114.05 3114.05 3114.05 3114.05 3055.621 3095.914 3166.981 3166.981 3166.981 3166.981 2964.012 2303.895 2296.725 2296.725 2296.725 2296.725 2296.725 2067.984 1541.554 1499.442 1342.137 1151.539 1104.613 1104.613 1886.982 3008.679 3008.679 3008.679 3008.679 3008.679 2774.936
3103.667 3103.667 3103.667 3103.667 3103.667 2703.543 2465.463 2465.463 2465.463 2689.453 3296.181 3297.098 3288.032 3146.477 3232.59 3515.637 3580.44 3580.44 3615.084 6367.801 7240.624 7240.624 7240.624 7240.624 7240.624 6854.502 3112.073 2241.379 1725.985 1641.25 1641.25 1641.25 1641.25 1802.355 2151.536 2394.421 2244.391 1909.674 1812.497 1812.497 1812.497 1812.497 1812.497 1886.554 2196.252 2768.797 2970.231 3114.908 3114.908 3042.964 3004.248 3269.459 3325.948 3223.431 3213.026 3031.223 2816.427 2987.037 2956.338 2974.802 2161.453 2262.193 1639.911 1499.855 1499.855 1499.855 1312.118 1104.917 1104.917 1213.502 2699.959 2977.891 3009.507 3008.707 2672.821 1577.758
3105.017 3104.52 3104.52 3104.52 3104.52 2575.868 2466.141 2466.141 2555.363 2722.847 3099.389 2961.525 2929.877 2829.101 3338.308 3581.424 3581.424 3581.424 3581.424 4094.465 7191.173 7242.614 7242.614 7242.614 7242.614 7242.614 4309.477 1641.701 1641.701 1641.701 1641.701 1641.701 1641.701 1641.701 1641.701 1854.45 1960.81 1812.995 1812.995 1812.995 1945.458 1960.632 1942.118 2051.096 2057.916 2057.916 2178.806 2873.791 2956.318 2739.057 2651.695 3294.45 4012.624 3970.114 3715.434 3638.542 3685.993 3714.149 3714.149 3600.242 1521.765 1528.468 1500.268 1500.268 1500.268 1478.297 1204.475 1105.464 1188.178 1247.494 1256.017 1562.478 1530.164 1486.828 1284.338 1256.017
3105.372 3105.372 3105.372 3105.372 3030.695 2677.66 2467.324 2644.612 2773.917 2829.877 2829.877 2829.877 2829.877 2829.877 3422.708 3582.407 3582.407 3582.407 3582.407 3582.407 5091.609 6386.382 6831.702 7244.601 7244.601 7244.601 3543.664 1642.151 1642.151 1642.151 1642.151 1642.151 1642.151 1642.151 1642.151 1643.819 1786.106 1813.493 1813.493 1838.427 2051.837 2058.48 2058.48 2058.48 2058.48 2086.211 2457.422 2643.195 2643.195 2643.195 2659.481 3976.752 4084.155 4084.155 3806.197 3715.168 3715.168 3697.843 3645.847 3169.298 1500.679 1500.679 1500.679 1500.679 1500.679 1256.166 1105.524 1111.862 1239.072 1217.625 1179.819 1252.6 1256.361 1256.361 1256.361 1256.361
