indp00g.asc
ncols         816
nrows         816
xllcorner     65
yllcorner     5
cellsize      0.0416666666667
NODATA_value  -9999
[rows 578 to 611 of 816, columns 304 to 379 of 816]
2458.925 2492.045 2565.062 2696.546 2803.007 3645.377 6995.042 6995.042 6995.042 6995.042 4857.794 2207.24 2211.719 2221.237 2221.969 2221.969 2221.969 4167.956 3119.605 2670.121 3160.666 3325.088 3341.061 4404.371 4642.004 4600.667 3304.188 3081.93 1879.898 2039.577 2442.585 1351.958 1457.364 3486.236 2993.76 1117.424 1117.424 1430.426 2211.125 2227.777 2153.905 1908.541 1719.304 2136.43 2482.754 2482.754 2300.773 2288.514 2288.514 2263.68 2356.67 2928.904 2928.904 2928.904 4835.736 8821.085 8821.085 8198.651 61.69843 0 0 0 0 0 0 0 0 0 0 0 0 0 0 0 0 0
2459.399 2459.399 2459.399 2553.644 2803.548 2757.683 4795.685 5752.903 5330.573 6964.216 5346.553 2207.666 2207.666 2215.317 2222.397 2222.397 3018.468 4597.546 3004.967 2600.542 3068.941 3325.729 3325.729 4155.645 4642.899 4051.286 3224.732 3205.849 2906.241 2443.056 2443.056 1917.775 1138.893 3078.623 2723.456 1354.599 1117.639 1508.061 2228.207 1978.135 1801.449 1697.701 1697.701 1878.471 2483.233 2483.233 2406.547 2312.877 2288.956 2288.956 2290.552 2639.792 2929.469 2929.469 3932.271 7941.134 8683.725 8822.785 1085.933 0 0 0 0 0 0 0 0 0 0 0 0 0 0 0 0 0
2459.873 2459.873 2459.873 2723.237 3038.592 2249.302 2198.122 2198.122 2198.122 3123.073 3741.506 2208.092 2208.092 2252.941 4232.331 4242.816 4757.051 4834.475 4830.006 6479.087 16935.52 7434.301 7919.041 8221.482 4445.994 4441.704 3206.468 3206.468 3029.107 2443.527 2443.527 2304.862 1270.457 3197.318 2661.119 1612.063 1217.842 1422.482 2057.644 1721.467 1698.029 1698.029 1698.029 2101.924 2483.711 2483.711 2452.295 2300.336 2289.397 2289.397 2289.397 2457.216 2930.034 2930.034 3707.803 6463.173 5905.915 6353.776 1388.144 0 0 0 0 0 0 0 0 0 0 0 0 0 0 0 0 0
3139.674 2758.031 2982.343 3595.919 3571.927 2198.545 2198.545 2198.545 2187.212 2194.048 2208.516 2208.516 2208.516 1997.339 2859.536 4654.396 4435.906 4683.872 4835.405 12446.61 24137.23 24137.23 22620.57 11225.2 5202.887 4678.609 3207.084 3207.084 3199.258 2497.046 2443.997 2362.409 2500.058 3903.616 2482.445 2167.016 1327.657 1327.657 1331.999 1335.795 1481.432 1491.677 1723.011 2336.562 2885.512 2423.433 2287.672 2141.774 2221.167 2252.06 2289.837 2353.683 2925.333 3520.792 5158.485 5614.146 5614.146 5674.078 2838.709 0 0 0 0 0 0 0 0 0 0 0 0 0 0 0 0 0
3624.719 3628.224 3783.633 3925.015 3802.608 2206.734 2198.966 2198.966 2161.041 2171.164 2208.939 2208.939 2128.648 1824.258 1778.528 1979.795 2160.641 3540.338 4333.834 5270.975 11372.31 22993.04 24141.86 14179.08 6193.57 5120.826 3207.699 3207.699 3207.699 2897.749 3105.896 3236.961 3593.691 3956.938 2904.997 2283.801 1677.841 1327.912 1327.912 1327.912 1327.912 1327.912 1815.738 3165.632 3944.237 3108.23 2129.185 2129.185 2129.185 2176.769 2247.443 2763.979 2901.107 4550.051 4742.124 3710.684 6137.939 6837.213 6297.909 548.4469 0 0 0 0 0 0 0 0 0 0 0 0 0 0 0 0
3625.411 3625.411 3728.504 3925.764 3892.185 2628.978 2183.178 2171.657 2159.087 2157.328 2163.859 2178.932 2146.068 2076.315 1901.306 1778.867 1778.867 1778.867 2366.29 5307.602 5308.537 6499.162 21440.92 15760.92 6194.751 4729.101 3178.888 3194.738 3176.063 3261.963 3890.515 3957.693 3818.834 3886.401 2422.541 2292.035 1703.885 1328.165 1328.165 1328.165 1328.165 1328.165 1328.165 1380.56 2937.764 3973.282 3084.708 2129.591 2129.591 2129.591 2129.591 3539.867 3037.363 2901.66 2901.66 2921.739 6263.352 6846.674 6558.263 2468.227 0 0 0 0 0 0 0 0 0 0 0 0 0 0 0 0
4823.045 3759.58 3858.921 3926.512 3897.423 3108.331 2306.449 2156.244 2156.244 2156.244 2154.758 2147.413 2145.567 2145.567 1935.745 1722.857 1773.056 1779.207 1891.068 5133.573 5308.748 5308.748 6655.373 7488.821 5515.343 3092.083 3086.036 3086.037 3086.037 3086.037 3530.76 3069.585 2030.018 2195.687 1655.793 2293.964 1811.825 1328.418 1328.418 1828.13 1353.626 1493.458 1752.501 3611.49 4091.863 4091.863 3936.168 2463.688 2129.997 5286.477 4160.078 5279.305 4175.884 2902.414 3451.953 5857.54 7006.699 6116.9 4857.521 3301.118 0 0 0 0 0 0 0 0 0 0 0 0 0 0 0 0
16710.4 15143.73 3889.836 3760.202 3737.79 3494.908 3380.415 2173.014 2156.653 2154.145 2146.13 2145.974 2145.974 1978.405 1625.711 1624.406 1689.088 1779.544 1975.815 4327.752 3979.288 5307.226 5454.183 5987.335 5993.719 4003.18 3514.221 3129.919 3272.198 3680.439 3295.304 1500.331 1500.331 1500.331 1731.409 2294.399 2048.309 1562.847 1949.263 2936.187 2973.802 2989.455 3033.973 3079.457 3577.84 4092.639 4092.639 4057.494 3803.145 5572.701 6059.86 6076.045 7531.809 7846.612 5139.594 7728.979 6840.021 4551.394 4546.882 4599.258 1458.839 0 0 0 0 0 0 0 0 0 0 0 0 0 0 0
18077.17 14630.8 3516.185 3501.01 3495.569 3495.569 2971.5 2073.854 2157.061 2047.166 2085.58 2002.339 2118.446 1903.057 1624.713 1624.713 1661.034 1734.202 1861.011 1935.281 1935.281 3486.995 5767.856 5995.543 5506.262 3965.457 3886.695 5933.176 7046.25 6863.333 2447.679 1500.615 1500.615 1500.615 1799.206 2294.833 2294.833 2294.833 2734.476 2990.02 2990.02 2934.727 2878.485 2616.329 2585.686 3147.999 3555.477 2675.595 2184.465 2815.964 3772.289 6492.248 8389.265 8389.265 8435.043 8444.592 9021.608 7521 4547.743 6462.41 5097.523 0 0 0 0 0 0 0 0 0 0 0 0 0 0 0
9929.768 6218.111 3516.848 3506.136 3496.61 3262.148 2057.748 1987.155 1992.209 1931.97 1923.794 1923.794 2076.142 1982.291 1625.02 1625.02 1625.02 1773.461 1935.215 1935.646 1935.646 1935.646 4271.577 5096.371 4021.639 3831.314 3920.072 8583.627 27218.57 19679.73 1546.109 1500.898 1500.898 1500.898 1653.337 2295.266 2275.265 2141.726 2225.333 2932.208 2679.319 2475.617 2411.094 2300.384 2174.044 2174.044 2174.044 2174.044 2504.304 2841.986 6493.992 15738.65 8390.848 8390.848 14863.4 15777.43 16956.56 7640.781 5485.685 9087.993 3812.983 0 0 0 0 0 0 0 0 0 0 0 0 0 0 0
5860.821 7522.91 4447.407 3523.406 3513.865 3184.204 2049.115 2048.56 1981.47 1924.156 1924.156 1924.156 2879.354 5437.751 3222.748 3870.228 1928.651 2288.582 2325.08 1936.01 1936.01 2013.67 3596.938 2040.422 2744.85 2329.619 3063.516 17925.43 58174.43 32054.79 2847.553 2117.457 1959.821 1550.534 1421.397 2088.378 1939.895 1999.197 1999.473 2388.71 2411.548 2411.548 2380.162 2239.605 2176.507 2243.859 2174.453 2561.204 2835.585 2842.521 9567.248 29251.88 20174.76 12451.96 21007.57 22986.08 21917.82 8455.619 9423.866 9246.545 2645.576 0 0 0 0 0 0 0 0 0 0 0 0 0 0 0
7527.661 7527.661 7527.661 4922.535 3528.517 2881.108 2049.499 2049.499 2049.417 1966.75 1924.707 2021.118 4026.203 6783.47 6550.188 3030.633 2034.076 3612.544 3170.355 1936.374 1935.866 1915.579 1913.598 1913.598 1913.598 1913.598 2714.812 10442.34 36467.46 47127.8 3943.806 2831.953 1892.557 1419.51 1353.26 1353.26 1353.26 1738.852 1999.848 2062.783 2412 2385.172 2251.572 2411.793 2398.256 2380.808 2199.553 2214.495 2751.101 2843.054 9732.511 29391.44 29391.44 29391.44 29391.44 29391.44 21468.13 6880.218 6871.929 6424.045 1483.401 0 0 0 0 0 0 0 0 0 0 0 0 0 0 0
7529.069 7529.069 7529.069 7529.069 5133.571 2330.597 2049.883 2049.883 2049.883 2049.883 1994.806 5907.575 6820.62 6828.854 4482.847 2134.797 2134.797 3444.093 4183.197 2327.221 1931.572 1913.956 1913.956 1913.956 1913.956 1913.956 2555.153 2782.681 2782.681 26604.97 7269.648 2741.729 1516.245 1353.513 1376.493 1449.455 2457.465 3282.106 2175.132 2007.404 2146.986 1714.47 1550.96 1858.961 2166.373 2412.452 2378.285 2714.378 2843.586 2843.586 2962.254 9962.618 29396.94 24791.66 25534.64 29394.21 28592.39 7389.587 6294.493 6294.493 1103.126 0 0 0 0 0 0 0 0 0 0 0 0 0 0 0
5194.764 7530.474 7530.474 7530.474 4566.525 2133.432 2169.885 2050.265 2050.265 2050.265 2050.265 2775.258 5158.659 5466.194 2258.452 2135.196 2193.488 3740.901 4247.443 4159.705 3219.413 1878.545 1885.942 1914.313 1914.313 1988.599 2695.56 2783.201 2783.201 2783.201 3075.007 1857.079 1353.766 1353.766 1445.15 3902.607 4531.333 3847.807 2048.757 2000.596 1993.89 1551.31 1529.119 1529.119 1675.831 2340.934 1955.45 2621.338 2844.117 2844.117 2844.117 4121.323 7145.601 7232.079 3139.585 8762.365 24750.99 9232.547 6330.669 6286.629 449.5117 0 0 0 0 0 0 0 0 0 0 0 0 0 0 0
3283.199 5173.748 5524.263 6643.409 5081.396 2596.944 2467.628 2144.082 2171.319 2339.543 2050.646 2032.401 2032.196 2163.24 2097.994 2135.592 3110.929 4248.231 4175.788 3748.482 2446.92 1411.121 1418.232 1608.935 1819.855 2373.376 2611.335 2778.492 2783.717 2665.128 3127.087 3027.698 1937.071 2044.452 2872.122 3292.247 4595.979 3760.274 2139.452 2000.967 2133.35 2105.735 1529.403 1529.403 1529.403 1542.638 1529.403 2332.883 2782.193 2706.108 2797.151 3204.372 3171.005 3172.166 3151.725 3140.168 4537.652 6353.222 6363.336 4453.468 0 0 0 0 0 0 0 0 0 0 0 0 0 0 0 0
3051.69 2996.457 3003.674 2773.276 2597.494 2597.427 2524.597 2522.652 2457.312 5752.407 4395.685 2007.183 2007.171 2007.171 2009.508 2025.461 2218.558 2772.966 2082.075 1392.728 1392.728 1392.728 1613.731 1964.924 1521.046 1555.221 1609.527 1882.446 2117.031 1792.011 2320.198 3524.781 5992.401 5244.643 5257.793 5486.862 4068.748 2001.339 2001.339 2015.181 2183.688 2523.462 1674.308 1529.687 1529.687 1529.687 1529.687 1616.246 2545.119 2639.418 3027.996 3631.67 3333.083 3356.939 3174.518 3140.75 3143.348 5935.578 6364.517 2634.805 0 0 0 0 0 0 0 0 0 0 0 0 0 0 0 0
2887.09 2885.964 2885.979 2840.912 2713.472 2597.906 2597.906 2673.998 3145.15 3507.421 7992.336 2252.723 2007.542 2007.542 2007.542 2007.542 2007.542 1936.988 1469.805 1392.985 1392.985 1392.985 1617.394 2933.634 2579.657 2168.774 1633.305 1633.305 1633.305 1633.305 1633.305 1761.378 5978.871 6487.605 6487.605 6487.605 6231.246 2403.425 2263.057 2500.433 2552.378 2552.378 2072.396 1529.969 1529.969 1529.969 1881.542 2200.587 2639.905 2639.905 4762.412 9283.562 3616.971 3357.558 3240.285 3150.499 3141.33 3474.952 4373.126 961.2009 0 0 0 0 0 0 0 0 0 0 0 0 0 0 0 0
2902.015 2886.495 2941.591 2888.761 2811.69 2635.024 2751.427 3155.056 3273.829 3273.829 8223.629 4258.031 4510.04 2165.749 2007.911 1798.66 1759.991 1423.494 1383.158 1393.242 1393.242 1393.242 1766.005 2872.643 3020.073 2715.982 1736.308 1633.606 1832.405 1822.384 2079.396 2543.791 4298.709 6208.493 6488.799 6488.799 5273.741 4427.565 2207.057 2514.446 2552.848 2552.848 2184.124 1694.885 1530.251 1530.251 1931.496 2640.391 2640.391 2640.391 3021.042 8724.74 8130.724 3377.379 3358.176 3326.405 3231.513 3240.32 3249.68 102.6887 0 0 0 0 0 0 0 0 0 0 0 0 0 0 0 0
2906.188 2922.988 4059.386 4414.924 4385.645 3596.433 3271.679 3274.432 3274.432 4889.112 9010.17 9599.938 5571.247 3115.48 2883.62 1737.827 1370.127 1370.127 1378.974 2004.76 2489.187 1884.922 2840.525 3020.629 3020.629 2829.196 1746.745 1729.506 2559.078 2633.198 2633.198 2686.409 4387.314 3230.35 3513.78 4945.18 2689.482 2135.771 2103.222 2269.769 2525.363 2553.317 2434.036 2203.177 2096.792 1764.921 1925.535 2588.963 2640.877 4080.635 7991.446 10274.18 10020.67 6566.485 3341.656 3316.914 3316.357 3316.357 3814.49 432.7785 0 0 0 0 0 0 0 0 0 0 0 0 0 0 0 0
2898.785 3351.003 4419.922 4416.153 4411.135 4359.361 3550.008 3467.5 3286.133 4728.871 9671.555 9671.555 8818.356 4329.372 3147.644 2576.992 1370.378 1370.378 1386.477 2352.417 2850.623 2515.128 3031.511 5118.862 3603.376 2392.917 1721.893 2281.959 2633.68 2633.68 2629.594 2515.742 2572.249 2140.532 2138.851 2138.851 2138.851 2125.602 2093.319 2125.627 2427.75 2553.785 2464.038 2204.858 2204.858 2204.858 2247.878 2328.294 2641.229 5935.978 10276.06 10276.06 6353.798 3361.879 3643.977 3785.609 3435.737 3861.064 5468.208 1493.435 0 0 0 0 0 0 0 0 0 0 0 0 0 0 0 0
3494.101 4327.882 4404.19 4338.805 4359.239 4385.572 3720.751 3704.001 3681.961 3575.287 8655.624 6203.95 8039.301 4563.681 2576.921 1986.127 1370.628 1370.628 1679.359 2851.143 2851.143 2851.143 3206.449 7291.382 8956.901 8835.33 8561.038 7205.268 4994.591 2943.635 2424.886 2390.534 2316.462 2143.799 2139.241 2139.241 2137.454 2122.205 2093.701 2119.893 2439.598 2407.374 2384.695 2205.261 2205.261 2205.261 2205.261 2256.825 2819.776 3435.49 9490.143 10115.92 5649.629 3316.09 3997.454 5690.145 5663.903 5702.872 5702.872 2231.482 0 0 0 0 0 0 0 0 0 0 0 0 0 0 0 0
3908.695 4327.365 4312.169 4312.169 4312.169 3928.085 3714.594 3680.922 3400.73 3081.503 3464.122 4587.7 4638.044 3259.432 2659.374 1411.685 1370.878 1370.878 1586.13 2719.137 2851.662 2851.662 3540.882 8321.172 8457.787 8506.187 8113.661 8923.764 9071.54 3376.171 2378.422 2378.422 2272.732 2124.436 2119.794 2113.103 2099.724 2095.035 2094.082 2195.068 2307.408 2270.405 2815.759 3977.028 3983.011 3188.183 3052.349 3601.396 3132.333 3145.757 4657.949 4933.457 3241.255 3476.78 3421.202 4409.23 4549.692 4797.024 3128.708 1568.027 0 0 0 0 0 0 0 0 0 0 0 0 0 0 0 0
4312.949 4312.949 4312.949 4307.293 4312.949 3806.491 3707.318 3378.865 1984.669 2535.167 2431.628 3576.332 4588.53 3355.378 2498.166 1534.274 1371.126 1371.126 1837.928 2639.876 2849.347 2843.135 3298.904 3466.373 3466.373 3324.187 3068.398 3634.331 3554.686 2378.853 2378.853 2378.853 2378.676 2260.993 2094.487 2094.461 2094.461 2094.461 2094.461 2227.348 2262.698 2262.698 2445.72 5012.891 5427.52 5427.52 5427.426 4113.936 3140.489 3218.019 3240.955 3240.955 3269.588 5635.929 6561.752 4221.315 2171.788 2171.788 2171.788 2428.772 884.3115 0 0 0 0 0 0 0 0 0 0 0 0 0 0 0
4318.574 4361.311 4307.725 3722.184 3752.461 3761.253 3673.71 2215.887 1985.028 1985.028 1985.028 2503.037 2833.302 2721.06 2525.078 2301.184 1981.185 2191.127 2831.351 2843.128 2838.189 2852.48 3360.038 3467 3467 3302.415 3068.953 3068.953 3018.279 2379.283 2379.283 2379.283 2379.283 2379.283 2160.844 2094.84 2094.84 2094.84 2110.428 2233.918 2263.108 2263.108 2355.561 4670.243 5434.147 5433.404 5431.417 5307.516 4191.185 3153.704 3202.813 5309.079 5859.129 5750.905 6066.445 2845.959 2172.181 2172.181 2172.181 3617.769 3682.888 0 0 0 0 0 0 0 0 0 0 0 0 0 0 0
4700.477 4872.953 4874.179 3980.879 3670.333 3670.333 2799.074 2220.126 2153.522 2689.74 2051.305 2458.258 2525.533 2525.533 2556.453 2812.677 2646.096 2418.07 2580.645 2833.403 2838.244 2852.434 3287.944 3342.068 3467.626 3168.087 3069.507 3069.507 3090.824 2674.463 2514.743 2474.165 1858.657 1990.404 2252.068 2158.346 2196.466 2230.832 2256.428 2263.516 2263.516 2263.516 3127.643 5445.452 5446.311 5446.311 5443.332 5431.229 5429.482 4686.984 3316.823 5610.523 6496.483 6586.338 5812.884 6036.274 2374.745 2172.573 2172.573 4985.081 6444.092 318.933 0 0 0 0 0 0 0 0 0 0 0 0 0 0
4876.413 4876.413 4137.384 3670.992 3670.992 3670.992 2862.562 3384.728 3648.848 3666.955 3338.071 2525.987 2525.987 2559.591 2841.618 2939.004 2606.431 2418.504 2418.504 2637.324 2807.345 2908.824 3249.065 3259.02 3327.17 3264.185 3139.889 3266.575 3295.448 3299.618 3441.56 3820.215 2108.74 1421.737 1800.28 2130.58 2004.545 2261.906 2263.922 2263.922 2263.922 2263.922 3127.362 5447.288 5447.288 5447.288 5446.57 5440.802 5266.087 4937.148 3879.393 4190.634 4112.075 4751.938 3047.1 2782.879 2525.077 2364.736 2268.917 4823.103 7052.185 3054.511 0 0 0 0 0 0 0 0 0 0 0 0 0 0
4502.014 3882.938 3683.073 3671.649 3671.649 3671.649 3671.649 3671.649 3671.649 3671.649 3387.741 2526.439 2526.439 2579.137 2909.987 2939.53 2568.069 2527.558 2418.937 2418.937 2614.307 3064.965 3249.662 3250.362 3285.831 3291.566 3255.696 3297.623 3300.208 3300.208 3925.08 3613.169 1493.554 1421.991 1421.991 1421.991 1421.991 1964.461 2264.328 2264.328 2264.328 2264.328 2737.15 5163.589 5448.263 5418.842 5142.505 5448.263 5283.101 4750.09 4101.722 4093.339 4093.245 3276.567 2697.049 2697.049 2697.049 2736.673 3207.602 3297.236 4188.523 2933.022 6.259048 0 0 0 0 0 0 0 0 0 0 0 0 0
4612.582 4126.795 3672.306 3672.306 3672.306 3672.306 3672.306 3672.306 3672.306 3672.306 3520.567 3077.46 3188.029 3165.953 2952.102 2940.056 2940.056 2660.492 2419.37 2419.37 2419.37 3003.32 3250.243 3271.058 3292.155 3740.715 4596.077 3991.13 3300.799 3300.799 4214.994 4572.712 2992.045 2484.885 1422.246 1422.246 1422.245 1962.398 2848.861 7883.089 2362.301 4867.49 7647.713 8000.018 6231.65 5206.006 4910.054 5158.673 5432.911 5144.671 4829.755 4430.186 4574.387 3169.987 2712.038 2720.599 2964.653 2830.543 3185.26 3255.899 3255.899 3140.668 178.2057 0 0 0 0 0 0 0 0 0 0 0 0 0
5492.847 4600.018 4127.137 3678.719 3672.96 3672.96 3672.96 3672.96 3672.96 3672.96 3583.804 3465.558 3465.558 3465.558 3361.366 2955.542 2940.579 3335.71 2830.69 3540.036 3666.265 3540.187 3250.821 3275.389 3420.302 4762.132 6080.647 4922.471 4064.643 3534.188 4567.196 4464.827 4248.41 3347.576 1424.991 1427.646 1471.4 1738.959 9152.828 17033.98 15186.25 17872.07 17872.07 14292.08 7204.377 5489.053 4875.642 5262.681 5450.208 5284.393 5009.731 4902.35 4822.343 3533.865 3225.521 3197.972 3256.479 3245.534 3259.581 2902.551 3256.479 2287.699 0 0 0 0 0 0 0 0 0 0 0 0 0 0
4820.429 4766.02 4761.523 4256.252 3791.196 3673.96 3673.612 3679.337 3945.263 4103.116 3499.452 3466.172 3466.172 3514.321 3677.408 3461.296 3436.407 4271.041 4416.257 4491.973 4492.917 5613.069 3251.398 3521.868 4392.291 4972.446 5800.33 6081.726 4961.9 4543.944 4574.337 4236.1 4155.895 3139.629 1606.429 1719.389 1771.278 1771.278 11086.79 17875.24 17875.24 17875.24 17875.24 17875.24 8806.676 6439.831 4876.507 5181.741 5451.174 3748.188 3833.875 4367.903 2978.192 4729.952 3499.764 3240.374 4213.339 4827.981 3974.441 1983.415 3767.139 1875.886 0 0 0 0 0 0 0 0 0 0 0 0 0 0
5689.3 5700.424 4831.29 5138.584 6262.117 4986.969 4052.636 4637.198 6686.516 6584.424 6028.862 6356.425 4111.957 3720.289 4407.265 4407.265 4407.265 4407.265 4434.067 4493.712 5743.76 11520.56 6144.633 4968.451 4969.333 4969.333 5256.532 6039.338 3980.887 4527.259 4575.146 4264.937 4140.505 2330.834 1771.592 1771.592 1771.592 1771.592 5909.501 16373.02 17878.41 17878.41 17878.41 16736.89 7436.163 6935.585 4920.081 4888.985 5048.4 1911.462 1608.552 1608.552 1611.76 4052.163 3817.309 2974.656 4765.445 4637.286 1251.227 2427.923 2189.351 3100.606 0 0 0 0 0 0 0 0 0 0 0 0 0 0
6650.686 6571.782 6496.777 6300.869 6360.451 6341.107 6346.746 6401.042 6670.417 6687.696 6687.696 6687.696 5678.973 3884.19 4443.348 4456.568 4433.629 4431.869 5442.125 5254.172 8895.348 11671.1 5966.654 4738.746 4008.625 4613.812 5861.62 3907.935 3482.37 4457.673 4505.124 3488.229 3328.231 2711.644 2579.88 2475.83 2599.663 3247.283 3523.011 3743.456 13931.52 18381.86 18305.9 15601.41 7194.833 6309.36 4816.109 3132.256 1943.754 1608.836 1608.836 1608.836 1933.606 2682.303 3333.765 2768.965 2803.362 1414.228 149.9823 1908.209 0 2389.812 127.1777 0 0 0 0 0 0 0 0 0 0 0 0 0
6651.856 6651.856 6651.856 6552.757 6383.466 6342.223 6404.281 6638.605 6688.872 6688.872 6688.872 6688.872 5750.685 4653.65 4655.518 4655.518 4655.518 6480.208 11524.79 11696.97 11696.97 7911.462 3146.834 3146.834 3146.834 2891.334 2351.023 2451.006 3000.998 3449.264 3393.141 3286.862 3286.862 3286.862 3286.862 3286.862 3501.457 3562.277 3562.277 3562.277 4231.332 10664.43 9461.356 9753.713 7018.856 6818.028 5621.429 2848.295 1609.119 1609.119 1609.119 1615.563 2384.466 2769.452 2769.452 2769.452 3365.594 2823.059 4.56738 2128.156 0 65.73125 926.8138 0 0 0 0 0 0 0 0 0 0 0 0 0
6653.02 6653.02 6653.02 6412.135 6343.332 6343.332 6343.332 6398.484 6684.257 6690.042 6690.042 6690.042 6136.11 4656.332 4656.332 4656.332 4656.332 8982.133 11699.02 11699.02 11699.02 10460.77 3271.076 3147.385 3160.685 3433.694 2584.801 2168.64 2722.613 3406.235 3405.096 3436.855 5180.795 5486.735 5915.045 4906.726 3549.631 3562.9 3894.533 4082.955 4373.947 4415.372 4414.144 5735.374 6421.236 6648.503 6647.883 6108.208 3485.045 1609.4 1609.4 2334.7 2769.936 3498.946 3819.803 3801.332 4650.44 6910.728 2502.027 0.004306919 0 0 863.8095 0 0 0 0 0 0 0 0 0 0 0 0 0
