indp90g.asc
ncols         816
nrows         816
xllcorner     65
yllcorner     5
cellsize      0.0416666666667
NODATA_value  -9999
[rows 374 to 407 of 816, columns 380 to 455 of 816]
1920.405 1920.405 1920.405 1920.405 1920.405 1920.405 1920.405 1920.405 1920.405 2619.735 2932.57 2932.57 2932.57 2932.57 2932.57 2932.57 2932.57 2932.57 2413.32 1756.461 1756.461 1756.461 1756.461 1756.461 1756.461 1756.461 1756.461 1858.819 2128.719 2267.894 2241.094 2355.138 2355.138 2355.138 2355.138 2355.138 2355.138 991.4908 487.4357 487.4357 487.4357 487.4357 1910.699 2589.335 2192.597 2192.597 2192.597 2192.597 2192.597 2192.597 2192.597 2192.597 1752.164 1246.834 1246.834 1246.834 1246.834 1442.567 1354.532 1402.168 1785.544 1772.969 1775.182 1805.317 1805.317 1702.828 1466.022 1567.144 1384.001 1373.172 1373.172 1373.172 1373.172 1373.172 1373.172 1560.668
1921.011 1921.011 1921.011 1921.011 1921.011 1921.011 1921.011 1921.011 2012.304 2923.409 2933.494 2933.494 2933.494 2933.494 2933.494 2933.494 2933.494 2848.232 1778.731 1757.014 1757.014 1757.014 1757.014 1757.014 1757.014 1832.504 1914.864 1980.64 2002.405 2002.857 2048.293 2203.559 2355.88 2355.88 2355.88 2355.88 2355.88 2641.582 1829.226 1224.012 1567.289 2616.179 3516.857 3401.685 3034.256 2628.441 2193.288 2193.288 2193.288 2193.288 2193.288 2193.288 1884.302 1247.245 1247.227 1247.227 1247.227 1736.51 1805.88 1771.603 1800.108 1805.886 1805.886 1805.886 1802.921 1468.254 1373.605 1373.605 1373.605 1373.605 1373.605 1373.605 1373.605 1373.605 1373.605 1402.056
1921.615 1921.615 1921.615 1921.615 1921.615 1921.615 1921.615 2155.049 2445.966 2934.417 2934.417 2934.417 2934.417 2934.417 2934.417 2934.417 2934.417 2934.417 2518.882 1815.975 1757.567 1757.567 1757.567 1757.567 1797.128 2002.809 2003.035 2003.035 2003.035 2003.035 2003.035 2003.487 2140.406 2356.622 2356.622 2356.622 2358.411 3107.287 3518.146 3518.146 3518.146 3518.146 3518.146 3518.146 3518.146 3344.223 2193.978 2193.978 2193.978 2193.978 2193.978 2193.978 2193.978 1650.82 1283.086 1247.831 1252.749 1737.161 1806.454 1806.454 1806.454 1806.454 1806.454 1806.454 1647.724 1374.037 1374.037 1374.037 1374.037 1374.037 1374.037 1374.037 1374.037 1374.037 1374.037 1374.037
1922.218 1902.639 1454.002 1922.218 1922.218 1922.218 1922.218 1626.168 2105.436 2887.927 2935.339 2935.339 2935.339 2935.339 2935.339 2935.339 2935.339 2935.339 2935.339 2763.791 2182.776 1972.377 1881.037 1764.373 1922.503 2003.664 2003.664 2003.664 2003.664 2003.664 2003.664 2003.664 2229.12 2357.362 2357.362 2357.362 2684.49 3519.251 3519.251 3519.251 3519.251 3519.251 3519.251 3519.251 3519.251 3066.248 2194.667 2194.667 2194.667 2194.667 2194.667 2194.667 1968.375 1484.55 1869.509 1896.318 1743.338 1798.458 1807.021 1807.021 1873.914 2178.079 1935.325 1854.997 1444.07 1374.469 1374.469 1374.469 1374.469 1374.469 1374.469 1377.266 1374.469 1374.469 1374.469 1374.469
1660.813 779.4363 437.488 925.4029 1922.324 1922.821 1921.518 1523.466 1466.693 1686.473 2629.667 2936.259 2936.259 2936.259 2936.259 2936.259 2936.259 2936.259 2936.259 2936.259 2936.259 2936.259 2936.259 3869.95 2659.091 2004.292 2004.292 2004.292 2004.292 2004.292 2004.292 2124.446 2358.039 2358.101 2358.101 2358.101 2708.556 3520.354 3520.354 3520.354 3520.354 3520.354 3520.354 3453.807 2577.26 2289.403 2195.355 2195.355 2195.355 2195.355 2195.355 2195.355 2195.355 2195.355 2195.355 2447.677 2339.738 2353.286 2040.827 1807.588 1876.45 2563.311 2610.299 2606.411 2251.01 1374.899 1375.255 1446.198 1477.787 1441.793 1504.219 1544.943 1494.451 1387.064 1374.899 1374.899
444.313 433.6188 433.6188 433.6188 940.7596 1511.705 1541.512 1460.815 1467.152 1467.152 1522.077 2494.864 2937.177 2937.177 2937.177 2937.177 2937.177 2937.177 2937.177 2937.177 2937.177 2937.177 4691.015 7945.032 4721.935 2016.263 2305.024 2004.919 2004.919 2004.919 2004.919 2163.451 2358.838 2358.838 2358.838 2358.838 2368.376 2414.696 2553.685 3243.931 3521.455 3521.455 3521.455 2711.038 2196.042 2196.042 2196.042 2196.042 2196.042 2196.042 2196.042 2196.042 2196.042 2196.042 2196.042 3217.212 3507.161 3631.97 3334.384 2106.281 2141.256 2611.115 2611.115 2611.115 2597.564 1777.045 1505.7 1555.916 1555.916 1555.916 1555.916 1555.916 1555.916 1509.156 1404.74 1519.202
433.7542 433.7542 433.7542 433.7542 433.7542 433.7542 433.7542 721.7667 1283.725 1467.61 1467.61 1645.031 2503.558 2743.208 2861.304 2938.094 2938.094 2938.094 2938.094 2938.094 2938.094 5234.926 7919.056 7954.32 7917.55 7665.848 4965.658 3244.431 3127.048 3223.318 2005.545 2108.124 2359.575 2359.575 2359.575 2359.575 2359.575 2359.575 2359.575 2359.628 2654.538 2826.128 2776.126 2239.182 2196.728 2196.728 2196.728 2196.728 2196.728 2196.728 2196.728 2196.728 2196.728 2196.728 2328.766 2721.95 3633.104 3633.104 3192.773 2611.93 2611.93 2611.93 2611.93 2611.93 2611.93 2015.258 1556.402 1556.402 1556.402 1556.402 1556.402 1556.402 1556.402 1556.402 1596.385 1626.772
433.8893 433.8893 433.8893 433.8893 433.8893 433.8893 433.8893 433.8893 589.1594 1302.985 1468.067 1468.067 1468.067 1468.067 1534.971 2246.762 2798.449 2932.832 2939.01 3129.348 5191.152 7546.176 7956.798 7863.09 7941.957 7956.798 7821.206 7921.073 7943.694 4895.74 2691.994 2313.22 2360.31 2360.31 2360.31 2360.31 2360.31 2360.31 2360.31 2360.31 2360.31 2241.965 2197.412 2197.412 2197.412 2197.412 2197.412 2197.412 2647.149 3151.825 2461.523 2197.412 2739.587 3576.73 3616.36 3117.86 3634.236 3545.409 2865.291 2612.744 2612.744 2612.744 2612.744 2612.744 2476.166 1690.271 1556.887 1556.887 1556.887 1556.887 1556.887 1556.887 1557.316 1583.275 1627.147 1627.279
434.0241 434.0241 434.0241 434.0241 434.0241 434.0241 434.0241 434.0241 434.0241 523.3071 1360.187 1468.523 1468.523 1468.523 1468.523 1468.523 1468.523 1686.489 2647.52 5014.848 7959.269 7959.269 7959.269 6172.162 4650.639 6508.251 5352.42 2642.662 2502.103 2319.841 2319.841 2326.777 2359.636 2361.043 2361.043 2361.043 2361.043 2361.043 2361.043 2361.043 2361.043 2247.49 2198.094 2198.094 2198.094 2198.094 2198.094 2199.206 2781.359 2598.515 3579.936 2960.557 3588.564 3635.365 3635.365 3635.365 3635.365 3602.214 3015.368 2613.555 2613.555 2613.555 2613.555 2587.472 2011.241 1575.96 1557.37 1557.37 1557.37 1557.37 1557.37 1557.37 1580.537 1619.899 1627.784 1627.784
434.1588 434.1588 434.1588 434.1588 434.1588 434.1588 434.1588 434.1588 434.1588 1073.086 1453.637 1468.979 1468.979 1468.979 1468.979 1468.979 1468.979 1468.979 1480.415 2752.526 7313.329 7961.74 7961.74 7941.224 4488.007 4161.938 3117.709 2320.561 2320.561 2320.561 2320.561 2320.561 2342.254 2361.776 2361.776 2361.776 2361.776 2361.776 2361.776 2361.776 2361.776 2331.859 2199.229 2198.777 2198.777 2198.777 2198.777 2290.227 2929.869 3380.139 3636.493 3636.493 3636.493 3636.493 3636.493 3636.493 3636.493 3636.493 3596.23 3072.411 2606.87 2527.595 2482.712 2425.323 2422.455 1827.508 1557.854 1557.854 1557.854 1557.854 1557.854 1557.854 1561.267 1611.479 1628.29 1628.29
434.2933 434.2933 434.2933 434.2933 434.2933 434.2933 434.2933 434.2933 465.9469 1258.712 1469.434 1469.434 1469.434 1469.434 1469.434 1469.434 1469.434 1469.434 1469.434 1469.434 3475.559 6082.832 6077.799 5403.88 4163.227 4163.227 3860.301 2321.28 2321.28 2321.28 2321.28 2321.28 2347.838 2362.507 2357.003 1964.715 668.3719 505.5713 1666.346 1793.794 1580.672 1648.128 2199.458 2199.458 2199.458 2199.458 2199.458 2314.19 3465.758 3637.62 3637.62 3637.62 3637.62 3637.62 3637.62 3637.62 3637.62 3637.62 3637.62 3637.62 2654.719 2423.205 2423.205 2423.205 2134.764 1563.167 1558.336 1558.336 1558.336 1558.336 1558.336 1558.336 1558.336 1582.694 1628.742 1628.794
434.4274 434.4274 434.4274 434.4274 434.4274 434.4274 434.4274 434.4274 780.7443 1469.887 1469.887 1469.887 1469.887 1469.887 1469.887 1469.887 1469.887 1469.887 1469.887 1469.887 1638.883 3631.176 4164.512 4164.512 4164.195 3836.058 2553.202 2321.997 2321.997 2321.997 2321.997 2321.997 2291.984 1283.24 824.7583 153.7847 153.7847 153.7847 153.7847 153.7847 153.7847 719.3101 2200.137 2200.137 2200.137 2200.137 2446.768 3406.55 3638.742 3638.742 3638.742 3638.742 3638.742 3638.742 3638.742 3638.742 3638.742 3638.743 3292.993 3005.341 2426.677 2423.953 2423.953 2423.953 2106.762 1559.825 1558.817 1558.817 1558.817 1558.817 1558.817 1558.817 1558.817 1561.014 1625.13 1629.297
669.1589 434.5614 434.5614 434.5614 434.5614 434.5614 434.5614 434.5614 571.1503 1072.424 1375.791 1470.341 1470.341 1470.341 1470.341 1470.341 1470.341 1470.341 1470.341 1470.341 1470.341 1991.361 4049.234 3827.614 3455.032 2365.339 2322.713 2322.713 2322.713 2322.713 2322.713 2230.297 869.3818 153.8321 153.8321 153.8321 153.8321 153.8321 153.8321 153.8321 153.8321 437.1548 2061.253 2200.816 2200.816 2200.816 2617.657 3639.865 3639.865 3639.865 3639.865 3639.865 3639.865 3639.865 3639.865 3639.865 3639.865 3162.661 2424.701 2424.701 2424.701 2424.701 2424.701 2424.701 2424.701 2151.448 1563.661 1559.298 1559.298 1559.298 1559.298 1559.298 1566.464 1753.709 1635.935 1843.959
1422.343 997.3093 442.8361 434.695 434.695 434.695 434.695 434.695 434.695 434.695 450.6206 1029.23 1371.144 1439.977 1470.793 1470.793 1470.793 1470.793 1470.793 1470.793 1470.793 1470.793 1884.179 2323.427 2323.427 2323.427 2323.427 2323.427 2323.427 2323.427 2323.427 1197.13 153.8794 153.8794 153.8794 153.8794 153.8794 153.8794 153.8794 153.8794 153.8794 1165.23 2201.306 2201.492 2141.815 2217.906 3526.729 3640.985 3640.985 3640.985 3640.985 3640.985 3640.985 3640.985 3640.985 3314.098 2969.285 2523.413 2425.447 2425.447 2425.447 2425.447 2425.447 2425.447 2425.447 2425.447 2134.544 1602.244 1559.778 1559.778 1559.778 1559.778 1578.961 2170.269 2193.187 2233.731
2202.831 2196.639 636.0824 434.8284 434.8284 434.8284 434.8284 434.8284 434.8284 434.8284 434.8284 434.8284 434.8284 468.9013 951.9942 1471.245 1471.245 1471.245 1471.245 1471.245 1471.245 1471.245 1682.501 2324.14 2324.14 2324.14 2324.14 2324.14 2324.14 2324.14 2324.14 1847.463 153.9267 153.9267 153.9267 153.9267 153.9267 153.9267 153.9267 153.9267 153.9267 153.9267 295.5526 966.0154 406.9972 593.9289 3285.356 3642.102 3642.102 3642.102 3642.102 3642.102 3642.102 3642.102 3642.102 3334.844 2426.612 2426.191 2426.191 2426.191 2426.191 2426.191 2426.191 2426.191 2426.191 2426.191 2426.191 2241.599 1560.256 1560.256 1560.256 1646.065 2146.476 2243.832 2243.832 2243.832
2203.507 2203.507 2202.811 1529.143 570.9385 434.9619 434.9619 434.9619 434.9619 434.9619 434.9619 434.9619 434.9619 434.9619 674.5438 1440.557 1471.696 1471.696 1454.239 1158.135 1323.032 1471.696 1562.268 2307.99 2324.854 2324.854 2324.854 2324.854 2324.854 2324.854 2324.854 1754.607 153.9739 153.9739 153.9739 153.9739 153.9739 153.9739 153.9739 153.9739 153.9739 153.9739 153.9739 153.9739 153.9739 153.9739 955.9037 3184.441 3625.393 3642.771 3643.219 3643.219 3643.219 3643.219 3643.219 3310.334 1996.741 2305.582 2118.992 2216.859 2425.976 2426.935 2426.935 2426.935 2426.935 2426.935 2426.935 2412.246 1581.896 1560.735 1560.735 1671.962 2222.116 2244.52 2244.52 2244.52
2204.18 2204.18 2204.18 2204.18 2019.649 445.9408 435.0948 435.0948 435.0948 435.0948 435.0948 435.0948 435.0948 435.0948 435.0948 546.3865 767.661 773.5415 673.194 435.0948 723.8164 1472.146 2056.481 2325.564 2325.564 2325.564 2325.564 2325.564 2325.564 2325.564 2325.564 1979.379 161.278 154.0209 154.0209 154.0209 154.0209 154.0209 154.0209 154.0209 154.0209 154.0209 154.0209 154.0209 272.028 571.6338 223.189 2911.349 3146.179 3386.515 3636.436 3644.333 3644.333 3644.333 3302.704 1993.19 1315.046 1315.046 1315.046 1315.046 1720.181 2006.835 2427.677 2427.677 2427.677 2427.677 2427.677 2103.707 1562.854 1561.212 1561.212 1683.821 1800.302 2085.081 2245.207 2245.207
2204.853 2204.853 2204.853 2204.853 2199.871 435.7778 435.2275 435.2275 435.2275 435.2275 435.2275 435.2275 435.2275 435.2275 435.2275 435.2275 435.2275 435.2275 435.2275 435.2275 641.9088 1415.846 1950.702 2326.274 2326.274 2326.274 2326.274 2326.274 2326.274 2326.274 2326.274 2324.854 489.3654 154.0679 154.0679 154.0679 154.0679 154.0679 154.0679 154.0679 154.0679 154.0679 154.0679 154.7889 2613.215 3143.782 2998.184 3143.782 3143.782 3143.782 3336.048 3603.49 3645.445 3617.662 2822.562 1321.751 1315.447 1315.447 1315.447 1315.447 1315.447 2013.587 2442.4 2435.049 2484.158 2635.645 2484.981 2276.226 1801.047 1561.689 1561.689 1561.689 1617.257 2075.832 2185.643 2245.891
2205.524 2205.524 2205.524 2205.524 2110.699 441.9493 435.3601 435.3601 435.3601 435.3601 435.3601 435.3601 435.3601 435.3601 435.3601 435.3601 435.3601 435.3601 435.3601 436.2277 1197.42 1907.443 2177.483 2326.982 2295.343 2324.743 2311.71 2312.978 2326.982 2326.982 2326.982 2326.982 2268.723 1501.656 154.1148 154.1148 154.1148 154.1148 154.1148 154.1148 154.1148 154.1148 154.1148 483.2032 3144.739 3144.739 3144.739 3144.739 3144.739 3144.739 3144.739 3147.517 3349.995 3175.478 2743.442 1404.111 1315.847 1315.847 1315.847 1315.847 1315.847 1748.506 2746.263 2847.051 2849.05 2856.285 2855.965 2762.558 2218.417 1562.164 1562.164 1562.164 1562.164 1562.164 1599.981 1956.505
2206.194 2206.194 2198.942 1925.863 1511.385 833.0652 1129.008 986.4039 471.0429 435.4924 435.4924 435.4924 435.4924 435.4924 435.4924 435.4924 435.4924 435.4924 435.4924 965.6104 2053.324 2094.322 2271.996 2318.174 2234.879 2235.729 2234.879 2309.708 2327.689 2327.689 2316.882 2313.698 2355.052 2482.154 2583.625 1196.016 154.1617 154.1617 154.1617 154.1617 154.1617 154.1617 230.614 1469.111 3145.695 3145.695 3145.695 3145.695 3145.695 3145.695 3145.695 3145.695 3145.695 3145.695 2160.21 1316.247 1316.247 1316.247 1316.247 1316.247 1316.247 1316.247 1839.157 2847.365 2857.153 2857.153 2857.153 2857.153 2344.742 1611.285 1562.639 1562.639 1562.639 1562.639 1563.206 2219.436
2106.1 2027.037 1570.991 1435.5 1435.5 1435.5 1435.5 1435.5 824.6919 435.6245 435.6245 435.6245 435.6245 435.6245 435.6245 435.6245 457.6374 617.8985 550.4786 1418.761 2053.947 2053.947 2056.068 2140.93 2233.092 2235.557 2235.557 2240.19 2268.405 2275.98 2236.813 2263.997 2695.486 2881.257 2881.257 2634.816 184.5073 154.2084 154.2084 154.2084 154.2084 154.2084 1311.076 3126.712 3146.649 3146.649 3146.649 3146.649 3146.649 3146.649 3146.649 3146.649 3146.649 3146.649 2284.082 1316.646 1316.646 1316.646 1316.646 1316.646 1316.646 1316.646 1474.814 2664.294 2858.02 2858.02 2858.02 2858.02 2858.02 2841.725 2263.03 1901.063 1563.113 1805.422 2029.123 2235.635
1437.145 1437.237 1435.934 1435.934 1435.934 1435.934 1435.934 1435.934 807.5322 435.7563 510.1645 752.7319 1651.461 647.755 436.2626 555.3655 1711.19 1879.434 2040.037 2054.568 2054.568 2054.568 2054.568 2055.133 2221.807 2236.234 2236.234 2236.234 2236.234 2236.234 2236.234 2336.468 2882.129 2882.129 2882.129 2882.129 1070.687 154.2551 154.2551 154.2551 154.2551 154.2551 154.2551 2077.835 2702.368 3147.601 3147.601 3147.601 3147.601 3147.601 3147.601 3147.601 3147.601 3147.601 2512.639 1317.045 1317.045 1317.045 1317.045 1317.045 1317.045 1317.045 1600.945 2828.241 2858.885 2858.885 2858.885 2858.885 2858.885 2858.885 2858.885 2802.79 1875.64 2238.047 2248.62 2248.62
1436.368 1436.368 1436.368 1436.368 1436.368 1436.368 1436.368 1458.382 1552.039 582.1648 2083.989 2410.242 2642.953 1248.594 1605.381 2302.281 2055.189 2055.189 2055.189 2055.189 2055.189 2055.189 2055.189 2055.189 2076.803 2177.206 2236.909 2236.909 2236.909 2236.909 2236.909 2537.261 2883 2883 2883 2883 2361.089 569.4703 154.3017 154.3017 154.3017 154.3017 793.9878 551.1923 339.3519 3134.221 3148.552 3148.552 3148.552 3148.552 3148.552 3148.552 3148.552 3148.552 1896.639 1317.443 1317.443 1317.443 1317.443 1317.443 1317.443 1317.443 1317.859 2016.675 2835.074 2814.984 2478.099 2717.966 2859.749 2859.749 2859.749 2674.98 2249.299 2249.299 2249.299 2249.299
1436.801 1436.801 1436.801 1436.801 1436.801 1436.801 1539.451 2014.786 2126.373 2620.199 2643.75 2643.75 2643.75 2350.782 2571.284 2417.935 2055.809 2055.809 2055.809 2055.809 2055.809 2055.809 2055.809 2055.809 2055.809 2099.328 2236.773 2237.584 2237.584 2237.584 2237.584 2321.295 2800.302 2883.869 2883.869 2883.869 2883.869 2880.987 2572.247 1330.638 154.3482 154.3482 154.3482 154.3482 515.8453 3149.501 3149.501 3149.501 3149.501 3149.501 3149.501 3149.501 3149.501 3149.501 2177.722 1317.84 1317.84 1317.84 1317.84 1317.84 1317.84 1317.84 1317.84 1723.791 2280.107 2158.596 2160.42 2810.357 2860.611 2860.611 2860.611 2468.882 2249.978 2249.978 2249.978 2249.978
1437.233 1437.233 1437.233 1437.233 1437.233 1437.233 1669.882 2105.502 2105.502 2381.992 2595.706 2642.61 2644.544 2644.544 2644.544 2631.728 2251.511 2056.426 2056.426 2056.426 2056.426 2056.426 2056.426 2056.426 2056.426 2056.426 2103.313 2235.72 2238.256 2238.256 2238.256 2278.037 2796.377 2884.735 2884.735 2884.735 2884.735 2884.735 2884.735 2635.074 601.4762 154.3946 154.3946 154.3946 154.7789 2823.099 3150.448 3150.448 3150.448 3150.448 3150.448 3150.448 3150.448 3150.448 2603.975 1318.236 1318.236 1318.236 1318.236 1318.236 1318.236 1318.236 1318.236 1521.347 2129.257 2129.257 2130.444 2432.722 2849.945 2861.47 2861.47 2438.601 2250.654 2250.654 2250.654 2250.654
1485.437 1437.664 1437.664 1437.664 1437.664 1437.664 1568.905 2106.134 2106.134 2106.134 2106.691 2353.147 2645.338 2645.338 2645.338 2645.338 2529.958 2112.866 2057.044 2057.044 2057.044 2057.044 2057.044 2057.044 2057.044 2057.044 2113.58 2205.315 2238.928 2238.928 2238.928 2426.937 2885.602 2852.243 2853.791 2885.602 2885.602 2885.602 2885.602 1700.769 154.441 154.441 154.441 154.441 154.441 2602.604 3151.394 3151.394 3151.394 3151.394 3151.394 3151.394 3151.394 3151.392 2080.525 1318.632 1318.632 1318.632 1318.632 1318.632 1325.342 1444.862 1681.01 1357.45 2074.401 2129.896 2129.896 2129.896 2334.629 2621.753 2605.032 2274.611 2251.329 2251.235 2306.564 2410.533
1628.7 1548.49 1438.095 1438.095 1438.095 1438.095 1497.073 2106.764 2106.764 2106.764 2106.764 2493.104 2646.13 2646.13 2646.13 2646.13 2529.079 2081.605 2057.659 2057.659 2057.659 2405.935 2567.118 2072.058 2106.205 2143.546 2176.757 2239.598 2239.598 2239.598 2239.598 2248.092 2384.355 2281.265 3318.141 8045.546 15063.77 4519.34 2886.465 757.0676 154.4872 154.4872 154.4872 206.3369 997.6638 3124.34 3152.337 3152.337 3152.337 3152.337 3152.337 3152.337 3152.337 2873.739 1338.988 1319.026 1319.026 1319.026 1319.026 1319.026 1368.209 2101.606 2124.509 1691.308 2112.041 2130.534 2130.534 2130.534 2130.534 2130.534 2137.98 2240.252 2214.666 1880.867 2343.13 2504.61
1643.414 1593.965 1471.678 1495.088 1446.47 1438.525 1721.377 2107.395 2107.395 2107.395 2107.395 2333.562 2646.921 2646.921 2646.921 2646.921 2632.436 2105.826 2058.275 2058.275 2058.275 2935.886 4712.854 4369.029 2798.945 2741.57 2723.67 2376.221 2629.224 2339.013 2240.268 3841.326 10357.38 10893.33 16294.46 17155.78 17359.27 8582.164 2902.484 2183.487 502.8393 154.5334 965.4299 1816.429 3153.28 3153.28 3153.28 3153.28 3570.038 3316.215 3257.978 3287.328 3159.987 1895.692 1319.421 1319.421 1319.421 1352.049 2264.562 2475.779 2469.089 2230.015 2131.171 2131.171 2131.171 2131.171 2131.171 2131.171 2131.171 2131.171 2131.171 2125.725 1931.469 1803.692 2080.456 2505.359
1643.903 1643.903 1643.903 1643.903 1722.708 2022.368 2082.217 2108.023 2108.023 2108.023 2108.023 2154.726 2457.643 2647.71 2647.71 2647.71 2616.858 2082.433 2058.888 2058.888 2058.888 2120.987 3089.432 4331.678 3461.776 4675.848 4634.764 4237.3 4751.016 4650.84 12638.23 15909.5 17364.67 17364.67 17364.67 13459.53 7705.044 3693.641 3445.555 3909.23 3902.471 1424.379 4284.618 4020.688 3485.142 3413.315 3366.229 3320.538 3750.76 3787.177 3787.177 3787.177 3629.365 1570.308 1319.814 1319.814 1319.814 1398.023 2579.586 2615.182 2615.182 2585.299 2436.006 2435.768 2249.593 2131.806 2131.806 2131.806 2122.625 2015.791 1999.256 1875.039 1804.229 1804.229 1812.736 2433.317
1644.393 1644.393 1644.393 1644.393 1797.972 2108.651 2108.651 2108.651 2108.651 2108.651 2108.651 2321.878 2629.436 2648.499 2648.499 2648.499 2463.678 2096.723 2059.502 2268.355 2063.915 2227.767 2481.336 3377.844 4752.411 4752.431 4752.431 4752.431 4752.431 4752.431 10775.52 17364.62 17369.85 17369.85 15274.77 6501.501 3694.741 3694.741 3745.973 4401.209 4520.926 4520.926 4520.926 4402.295 3792.341 3776.269 3746.68 3788.305 3933.797 3788.305 3788.305 3730.588 3645.122 2590.505 1863.112 1320.207 1320.207 1320.387 2453.338 2615.961 2615.961 2615.961 2615.961 2615.961 2614.597 2451.414 2298.809 2151.61 1848.103 1804.767 1804.767 1804.767 1804.767 1804.767 1804.767 2224.614
1644.881 1644.881 1644.881 1671.326 1882.385 2109.277 2109.277 2109.277 2109.277 2109.277 2109.277 2109.277 2451.028 2649.285 2649.285 2649.285 3525.861 3961.433 3742.169 4083.847 4154.801 4267.214 4267.142 4214.187 4511.302 4752.675 4753.842 4753.842 4753.842 4753.842 5256.975 16183.63 17375 9681.829 3798.081 3695.838 3808.608 3857.057 4311.04 4522.268 4522.268 4522.268 4522.268 4149.235 3789.43 3789.43 3825.023 4957.4 5820.85 4221.687 3519.649 2666.765 2569.714 2562.524 2530.847 1494.935 1320.599 1326.212 2508.133 2616.738 2616.738 2616.738 2616.738 2616.738 2616.738 2616.738 2616.655 2110.326 1801.134 1805.303 1805.303 1805.303 1805.303 1805.303 1805.303 2409.095
1645.37 1724.867 2070.609 1783.304 2063.903 2109.903 2109.903 2109.903 2109.903 2109.903 2109.903 2109.903 2271.158 2622.767 2650.071 2650.071 3903.843 4268.481 4268.481 4268.481 4268.481 4268.481 4268.481 4268.481 4272.013 4507.443 4755.253 4755.253 4755.253 4755.253 5010.034 16608.59 16621.59 3747.221 3696.935 3696.935 4370.229 4523.61 4523.61 4523.61 4523.61 4523.61 4523.61 4288.668 4184.888 4190.867 5468.274 5955.668 5935.325 5909.2 4291.457 2584.69 2563.285 2563.285 2563.285 1815.783 1320.991 1320.991 2253.823 2617.514 2617.514 2617.514 2617.514 2617.514 2617.514 2617.514 2297.197 1591.437 1636.258 1788.811 1805.839 1805.839 1805.839 1805.839 1805.839 2103.092
1645.856 1929.062 2110.527 1943.301 2068.593 2110.527 2110.527 2110.527 2110.527 2110.527 2110.527 2110.527 2110.527 2380.231 2650.855 2650.855 3728.769 4269.743 4269.743 4269.743 4269.743 4269.743 4269.743 4269.743 4269.743 4277.07 4521.861 4756.659 4756.659 4756.659 7575.166 16802.38 13682.16 3698.028 3698.028 3708.158 4467.789 4524.948 4524.948 4524.948 4524.948 4524.948 4524.948 6010.256 8140.355 5686.281 7942.87 7807.669 5937.08 5937.08 5937.08 3972.074 2564.043 2564.043 2564.043 2390.265 2139.936 2016.048 2478.713 2614.934 2618.288 2618.288 2762.462 3398.22 3086.306 2608.616 2373.213 1827.049 1591.908 1601.955 1699.484 1724.939 1755.472 1806.372 1806.372 1806.372
1655.244 2080.083 2111.149 2111.149 2111.149 2111.149 2111.149 2111.149 2111.149 2111.149 2111.149 2111.149 2111.149 2121.911 2324.675 2798.525 3948.462 4079.188 3879.711 4268.423 4271.003 4271.003 4271.003 4271.003 4271.003 4271.003 4284.972 4714.776 4758.062 4700.745 7241.428 9990.339 8173.53 3699.119 3699.119 3719.724 4522.576 4526.283 4526.283 4526.283 4526.283 4526.283 4526.283 5401.645 8629.423 8612.933 8126.004 5945.465 5938.832 5938.832 5938.832 3960.641 2564.799 2564.799 2564.799 2564.799 2564.799 2564.799 2691.902 2634.059 2671.373 3253.699 3112.433 4494.13 4469.151 3313.598 1633.455 1592.377 1592.377 1592.377 1592.377 1592.377 1660.382 1806.906 1806.906 1806.906
