indp95ag.asc
ncols         816
nrows         816
xllcorner     65
yllcorner     5
cellsize      0.0416666666667
NODATA_value  -9999
[rows 374 to 407 of 816, columns 152 to 227 of 816]
0 0 0 0 0 173.9071 1837.257 1913.975 1913.975 1913.975 1965.28 1986.803 1943.952 1961.743 1959.824 2657.615 2682.081 2929.896 3235.324 3235.324 6632.068 3235.324 3777.693 6135.905 6014.277 6094.672 9148.618 9258.476 8974.274 10166.31 10974.33 14827.23 14704.75 14863.44 10312.57 8582.252 8274.008 8162.313 5596.28 4811.365 4791.679 4791.679 4791.679 5850.284 6127.328 6086.123 6058.878 6058.878 5987.731 5241.081 3524.641 3309.787 4913.497 7034.232 4256.131 3599.704 3756.748 4251.544 4251.544 4267.354 4915.871 5177.896 5864.396 6150.255 6070.726 6070.726 6070.726 6070.726 6070.726 6070.726 6070.726 6070.726 6070.849 7878.988 8011.68 8011.68
0 0 0 0 4.166034 239.7796 937.6397 1730.407 1914.579 1914.579 1914.579 1914.579 2127.668 2666.697 2682.927 2682.927 2682.927 2860.047 3235.664 3236.344 3236.344 3236.344 4467.428 6016.173 6016.173 6016.173 6016.173 6016.762 8891.324 10000.65 10138.72 10478.27 10474.58 12823.21 12137.79 9199.492 7661.301 5877.331 4793.19 4793.19 4793.19 5091.943 5674.032 5885.823 6129.259 6128.679 6112.701 5942.37 3829.008 3307.469 3307.469 3307.469 3621.278 4846.646 3600.839 3600.839 3988.516 4252.885 4252.885 4252.885 4325.045 5148.79 5585.148 6033.141 6067.162 6072.639 6072.639 6072.639 5999.907 5348 5262.134 5497.363 5892.328 7935.11 8014.205 8014.205
0 0 0 0 0 161.7799 327.6555 1165.552 1915.134 1915.181 1915.181 1915.181 1952.893 2644.061 2683.771 2683.771 2683.771 3084.238 3237.209 3237.363 3237.363 4104.319 5731.572 6018.066 6018.066 6018.066 6238.527 8605.463 10003.79 10454.01 11870.94 11828.7 11622.25 13711.99 14269.42 9271.799 5153.966 5048.415 4794.698 4794.698 4794.698 4817.15 5806.532 6131.188 5977.67 6115.906 6004.011 4675.648 3308.661 3308.51 3308.51 3308.51 3308.51 3461.956 3601.972 3610.761 4146.797 4254.223 4254.223 4254.223 4415.797 5357.35 5358.023 5363.642 6875.336 6310.557 6074.55 6074.55 5451.89 4858.899 4858.899 4858.899 4954.687 7451.246 8016.727 8016.727
0 0 0 0 0 0 0 267.5034 1771.33 1915.782 1915.782 1915.782 2006.628 2680.177 2684.614 2684.614 2684.614 3126.035 3238.379 3239.677 4329.538 6019.907 6019.956 6019.956 6019.956 6222.61 9872.622 10006.94 10006.94 13660.31 14273.9 14273.9 14273.9 14273.9 14273.9 7457.674 5795.389 5512.161 4806.795 4981.885 4754.808 4988.139 4926.798 5335.314 4155.231 4188.123 4131.348 4075.899 3414.937 3309.549 3309.549 3309.549 3412.1 3602.458 3603.103 3604.825 4126.016 4255.559 4255.559 4255.559 4255.623 5148.239 5359.706 6222.298 10833.86 10575.48 8683.593 6076.458 5098.041 4860.425 4860.425 4860.425 4860.425 5139.908 6366.401 7313.928
0 0 0 0 0 0 0 274.7037 1842.22 1916.383 1916.383 1916.383 2060.073 2339.081 2248.013 2279.273 2762.346 3291.2 3242.042 3241.821 4661.458 6021.842 6021.842 6021.842 6021.842 6082.965 9091.631 10010.07 10639.78 14109.56 14278.38 14278.38 14278.38 14278.38 14051.93 5902.707 5797.205 5792.433 5169.089 5226.577 4087.048 4077.177 4077.177 4077.177 4077.177 4077.177 4077.177 4077.177 3829.374 4028.443 4267.526 3591.429 3575.39 3604.232 3604.232 3604.232 4758.943 4620.549 4357.947 4263.924 4506.053 5288.388 5361.386 7255.681 10900.95 10900.95 10776.44 6078.362 5124.993 4861.948 4861.948 4861.948 4861.948 4861.948 4861.948 4861.948
14.12346 0 0 0 0 0 0 43.53104 869.4034 1766.726 1916.982 1916.982 1923.174 2045.184 2791.952 3010.151 3106.642 3355.482 3349.065 3500.501 5593.027 6023.726 6023.726 6023.726 6023.726 7771.488 10013.2 10013.2 10480.75 14282.84 14282.84 14282.84 14282.84 14282.84 13646.59 6094.686 5799.019 5799.019 5799.019 4841.323 4078.452 4078.452 4078.452 4078.452 4078.452 4078.452 4078.452 4078.452 6286.424 10627.05 10740.91 9051.002 3630.884 3804.368 4977.671 5517.385 6838.992 5992.091 5363.062 5181.18 5348.266 5363.062 5363.062 7995.899 10904.36 10904.36 9057.937 6161.507 6449.421 5392.182 4863.469 4863.469 4863.469 4863.469 4863.469 4863.469
889.5063 565.0748 232.9315 662.2083 1272.944 143.3839 206.8284 204.8739 46.38269 146.3259 1405.386 1908.183 1917.581 2605.052 3356.53 3356.53 3356.53 3356.53 3356.53 3388.67 5465.66 6025.607 6025.607 6025.607 6025.607 7384.299 8707.272 10029.46 12023.95 14287.3 14287.3 14287.3 14287.3 14287.3 14238.17 6524.53 5800.829 5800.829 5800.829 4707.533 4290.425 4268.22 6055.052 4776.521 4079.725 4079.725 4079.725 5669.218 10166.43 11134.15 10593.81 8741.525 6732.91 6678.422 6850.462 6850.462 6733.893 5598.958 5364.737 5364.737 5364.737 5364.737 5364.737 8288.702 10907.76 10907.76 9321.962 7600.837 7736.544 7956.332 6069.975 4864.988 4864.988 4864.988 4864.988 4864.988
2203.121 2618.861 2639.198 2649.635 2655.608 2066.083 1787.946 1918.178 974.5851 842.9561 1691.608 1823.593 1918.178 2828.365 3357.576 3357.576 3357.576 3357.576 3357.576 4158.017 5545.429 5332.884 6027.484 5677.833 7292.98 8781.617 10019.45 10164.73 11339.35 13186.21 14291.76 14291.76 14291.76 13480.53 9818.176 5882.787 5802.637 5802.637 5802.637 5802.637 5802.637 6845.463 7799.77 6188.569 4478.58 4080.996 4080.996 4761.68 8570.246 7009.686 6852.597 6852.597 6852.597 6852.597 6852.597 6852.597 5946.197 5366.409 5366.409 5366.409 5366.409 5366.409 5366.409 6927.865 10911.16 10911.16 8301.088 8113.29 8113.29 8113.29 7564.122 5118.241 4228.619 4095.785 4465.943 4669.361
2161.676 2600.532 2656.902 2656.902 2656.902 2643.156 2137.882 1918.845 1870.544 1918.774 1918.774 1918.774 1916.848 1903.957 2950.542 2533.055 3188.489 3358.618 3358.618 3358.618 3736.278 3732.697 4604.172 4750.71 4048.637 8319.954 10145.38 10481.11 10735.48 93662.53 129750.3 294346.2 160754.1 10594.04 6776.018 5804.438 5804.438 5804.438 5804.438 5804.438 6571.96 7773.929 7802.192 7802.192 5960.89 4082.264 4082.264 5248.973 6752.961 6855.147 6854.769 6854.725 6854.725 6854.725 6854.725 6419.966 5388.567 5425.596 6928.632 7696.63 5567.772 5767.505 6782.109 6319.373 8722.48 9031.715 8117.551 8115.809 8115.809 8115.809 8115.809 6691.398 3993.835 3838.744 3838.744 3838.744
2657.727 2657.727 2657.727 2657.727 2657.727 2657.727 2657.727 1943.437 1919.37 1919.37 1919.37 1919.37 1034.771 39.53938 1214.158 1412.478 2767.323 3359.661 3359.661 3359.661 3647.767 3720.947 3771.477 4145.832 3720.947 3956.455 8075.362 14931.47 85035.82 337566.9 341479.2 341479.2 222317.8 10738.82 8998.946 5806.24 5806.24 5806.24 5806.24 6037.726 7770.988 7804.614 7804.614 7804.614 7804.614 5038.29 5164.464 6577.377 6857.319 6857.274 6843.634 6856.853 6856.853 6856.853 6598.42 5961.078 6064.224 6749.936 9295.531 9915.602 9159.843 7843.973 7948.101 7875.945 8118.328 8118.328 8118.328 8118.328 8118.328 8118.328 8118.328 7957.614 5053.088 4468.647 4197.258 3851.413
2547.266 2658.55 2658.55 2658.55 2658.55 2658.55 2658.55 2390.165 1941.513 1919.964 1910.242 1851.237 1812.3 1021.257 36.73618 1337.16 2932.599 3360.702 3360.702 3360.702 3543.258 3722.1 3722.1 3722.1 3722.1 3722.1 3962.082 146200.2 339497.6 341585 341585 286514.1 27323.92 10742.14 9790.307 5824.762 5808.126 6719.863 7671.733 7630.548 7807.032 7807.032 7807.032 7807.032 7807.032 7530.688 6858.462 6859.443 6859.443 6859.443 6375.697 6610.955 6602.998 6379.888 6070.34 6133.86 6254.652 6192.398 6764.276 9657.271 9918.674 8158.419 7014.086 7012.668 7173.209 8072.919 8120.843 8120.843 8120.843 8120.843 8120.843 7852.912 4938.071 4640.055 4640.055 4617.445
2605.396 2659.371 2659.371 2659.371 2659.371 2659.371 2659.371 2659.371 2243.631 1882.223 1551.604 1490.925 1585.409 943.0982 101.5843 1836.806 3280.119 3361.739 3361.739 3458.297 3651.574 3723.249 3723.249 3723.249 3723.249 3723.249 3723.249 6018.426 79614.49 133776.7 142997.4 33922.85 10745.46 10745.46 10745.46 10078.35 7228.774 7788.314 7747.326 7585.64 7602.707 7809.441 7799.505 7680.116 7649.59 7542.742 7083.745 6861.561 6861.561 6568.25 6122.719 5992.022 5992.022 5992.022 5992.022 5992.022 5992.022 5992.022 6100.322 9812.922 9921.735 7669.534 6966.832 6966.832 6966.832 7674.543 8123.35 8256.14 9709.471 10158.59 12389.79 12333.86 6784.303 5095.73 4858.953 4641.487
2660.191 2660.191 2660.191 2660.191 2660.191 2660.191 2515.422 1623.497 1752.472 1652.662 1491.385 1491.385 1385.265 691.2445 59.19397 1489.148 3316.719 3362.776 3362.776 3558.949 3724.397 3724.397 3724.397 3724.397 3724.397 3724.397 3724.397 6821.924 10748.78 10748.78 10748.78 10748.78 10748.78 10748.78 10748.78 10754.58 8130.65 7514.515 7508.137 7508.049 7508.152 7589.756 7610.609 7508.049 7508.049 7518.649 7431.131 7202.712 6690.25 6097.319 5993.872 5993.872 5993.872 5993.872 5993.872 5993.872 5993.872 5993.872 6339.302 9924.798 9761.91 7179.553 6968.982 6968.982 6968.982 7083.834 7610.419 10474.26 14052.37 14052.37 14052.37 14052.37 13530.1 12326.82 11357.35 4782.124
2661.009 2661.009 2661.009 2661.009 2661.009 2661.009 2639.762 1609.817 1491.844 1491.844 1491.844 1491.844 1491.844 1488.979 1454.186 2361.263 2912.198 3274.593 3363.81 3458.488 3725.543 3725.543 3725.543 3725.543 3725.543 3750.202 4658.654 10540.54 10752.08 10752.08 10724.91 10449.13 10765.74 10978.21 11175.3 11529.65 11366.6 8547.412 7222.641 7464.891 7504.303 7510.358 7520.965 7511.522 7553.285 9236.027 10667.76 10795.32 10857.39 10822.75 6303.371 6625.87 9824.561 6815.011 5995.714 6036.24 7483.98 6524.732 9653.007 9927.85 8152.688 6943.921 6971.125 6971.125 6971.125 6971.125 6971.125 9720.707 14056.69 14056.69 14056.69 14056.69 14056.69 14056.69 12601.68 5344.602
2661.826 2661.826 2661.826 2661.826 2661.826 2661.826 2811.399 2554.748 1492.302 1492.302 1492.302 1492.302 1492.302 1492.302 1532.195 2263.466 2318.442 3060.413 3443.128 3659.939 4145.377 4666.705 4726.704 4092.162 4321.95 5136.721 4704.027 4377.315 8268.671 9117.09 8661.617 6065.586 10413.95 11749.79 11749.79 11749.79 11749.79 11498.67 6587.111 6536.512 6528.147 6580.532 8213.064 10663.09 10634.89 10852.52 10852.52 10852.52 7860.49 7034.916 11751.72 11735.99 12233.13 10622.29 9896.517 11639.23 12233.13 11815.77 10974.29 9323.866 6838.613 6817.135 6966.259 6973.264 6973.264 6973.264 6973.264 7288.436 13294.51 13641.35 14025.56 13934.69 11497.26 13859.29 8090.654 4525.584
2662.387 2662.643 3170.087 2662.643 3256.256 4982.488 6038.388 6100.083 2679.851 1492.759 1492.759 1492.759 1492.759 1492.759 1789.065 2266.012 2266.012 3035.577 4036.342 3754.262 4941.427 5341.34 5341.34 5341.34 5341.34 5078.794 3721.047 3721.047 4727.153 6067.447 6067.447 6067.447 9189.688 11753.4 11428.18 11753.4 11753.4 10726.71 7089.891 6515.061 6515.061 6517.933 10035.67 10855.85 10855.85 10855.85 6066.668 5711.546 4317.271 5138.866 11404.1 12236.88 12236.88 12236.88 12236.88 12236.88 12236.88 10468.18 7505.143 6853.63 6811.535 6811.535 6843.022 6900.271 6975.403 6385.704 6344.832 7397.632 9461.189 8984.149 10718.96 11492.97 8583.154 7286.231 4526.973 4526.973
2593.086 3183.654 6002.659 5152.352 6030.312 6126.292 6126.292 6126.292 5642.943 4885.782 2198.385 1493.216 1493.216 1560.358 1906.208 2266.704 2266.704 2957.945 3704.691 1638.153 5118.67 4043.626 5309.763 5337.704 4935.907 3731.633 3722.184 3722.184 4888.301 6069.302 6069.302 6069.302 6078.09 7066.739 6959.416 11720.67 11783.62 10602.63 6517.052 6517.052 6517.052 8375.815 10859.17 10859.17 10859.17 10858 4375.178 4296.054 4296.054 9453.722 12240.62 12240.62 12240.62 12239.92 12183.09 12240.62 12240.62 8603.227 5559.515 5559.59 6512.651 6813.617 6813.617 6825.605 6074.281 5289.599 5007.565 6049.837 8450.331 8585.778 8585.778 8585.778 8330.516 5129.3 4128.046 3944.608
2579.663 3506.542 6128.162 6128.162 6128.162 6128.162 6128.162 6128.162 6128.162 6128.162 3871.812 1736.86 1970.812 2247.333 2267.396 2267.396 2538.93 3079.963 2234.359 1117.824 2878.544 341.0529 3183.755 3898.71 3766.761 3723.32 3723.32 3723.32 4755.42 6071.154 6070.397 6058.077 6041.821 6025.12 14909.52 21685.59 20546.7 23161.69 16110.99 15580.09 6944.149 8904.509 10862.48 10862.48 10862.48 10843.47 4766.108 4297.364 4297.364 6931.814 10549.5 10858.36 10858.35 9819.904 9614.148 10365.12 9074.801 6084.896 5561.211 5561.211 6272.949 6815.696 6815.696 6421.958 5009.093 5009.093 5009.093 5009.093 5380.584 6068.363 8569.817 8588.397 7526.287 3397.167 3397.167 3397.167
2580.448 3014.883 3904.118 3593.629 5388.056 6130.028 6130.028 6130.028 6130.028 6130.028 5285.966 2268.086 2268.086 2268.086 2268.086 2268.086 2565.834 4729.646 4878.11 1823.469 4853.247 1434.896 3921.837 3724.454 3724.454 3724.454 3724.454 3724.454 4408.747 6015.646 5997.605 5985.258 5985.258 5985.258 18727.59 23526.39 23526.39 23526.39 23526.39 23526.39 23369.17 23479.7 24959.9 12905.82 10745.96 7750.894 4388.143 4298.673 5115.43 7409.102 9390.482 9390.482 9390.482 9390.482 9390.482 8249.492 6237.772 5562.904 5562.904 5562.904 5566.854 6717.338 6817.771 6788.349 5364.801 5010.618 5010.618 5010.618 5010.618 4982.079 5891.92 6804.117 5103.42 3398.201 3398.201 3398.201
2581.232 2581.232 2581.232 2581.232 4305.907 6131.891 6131.891 6131.891 6131.891 5192.866 3416.038 2268.776 2268.776 2268.776 2268.776 2268.776 2268.776 3449.645 3027.06 1733.099 4105.003 4460.391 3725.585 3725.585 3725.585 3725.585 3725.585 3865.071 5022.339 5987.077 5987.077 5987.077 5987.077 5987.077 19143.73 23533.54 23533.54 23533.54 23533.54 23075.52 23116.51 26481.12 25106.46 24171.52 6859.778 4299.979 4299.979 4299.979 4418.973 8149.483 9393.336 9393.336 9393.336 9393.336 7450.162 5589.547 5564.595 5564.595 5564.595 5619.223 6234.458 6726.426 6819.843 6819.843 6205.517 5012.141 5012.141 5012.141 5012.141 4876.705 4716.85 4716.85 4683.141 4129.683 3399.234 3399.234
2470.591 2455.479 2582.015 2562.872 4234.081 6133.271 6133.75 6133.75 6130.12 3247.463 2269.464 2269.464 2269.464 2269.464 2269.464 2269.464 2269.464 2414.334 2486.186 1390.211 888.9468 3174.445 3726.715 3726.715 3726.715 3726.715 4387.678 4602.554 4914.485 5960.322 5988.893 5988.893 6942.232 14168.3 13891.13 18305.08 22532.23 22833.57 22788.75 21925.91 21892.46 21892.46 22299.9 16304.88 4301.284 4301.284 4301.284 4301.284 4301.284 6756.275 6987.251 7436.959 7871.686 8032.486 6469.607 5566.282 5566.282 5566.282 5381.339 5900.109 6821.912 6821.912 6821.912 6606.215 4890.19 4446.72 4969.836 5013.661 3974.615 4617.932 4718.281 4718.281 4718.281 4671.08 3662.434 3446.396
2306.378 2345.327 2391.056 2539.17 5667.155 6135.607 6135.607 6135.607 5907.657 2347.013 2270.151 2270.151 2270.151 2226.061 1861.845 2165.831 2191.639 2270.151 2270.151 2736.907 1871.006 3727.844 3727.844 3727.844 3727.844 3727.844 4764.333 4654.175 4654.175 5404.723 5990.706 5990.706 11353.68 16893.45 16860.96 15058.98 15190.48 20107.36 21899.09 21899.09 21899.09 21899.09 16391.52 6389.639 4302.585 4302.585 4302.585 4302.585 4302.585 4432.1 6702.376 6764.53 6764.53 6764.53 5734.139 5567.967 5567.967 5477.235 4970.825 5031.093 5983.162 6585.641 5546.042 4477.602 4164.11 3516.423 3577.246 4205.41 3278.167 3545.62 3915.636 4370.588 4719.709 4719.709 4052.097 3549.878
2307.074 2307.074 2307.074 2600.156 4612.822 5773.4 6137.461 5178.643 2888.111 2270.837 2270.837 2270.837 2270.837 2204.04 2611.117 1695.588 1722.845 2253.012 2286.43 3178.756 3728.97 3728.97 3728.97 3728.97 3753.892 4051.515 6270.105 5534.2 4655.581 4786.147 5796.82 5972.906 13151.25 17196.47 15985.29 15063.53 15063.53 20489.46 21905.7 21905.7 21905.7 21905.7 6124.82 4303.885 4303.885 4303.885 4303.885 4303.885 4302.881 4233.286 6145.175 6766.573 6766.573 6766.573 6228.883 6221.6 6071.506 5223.365 4971.608 4971.608 4971.608 4853.993 4173.992 4173.992 4139.989 4072.374 3380.149 3278.997 3327.356 3278.997 3278.997 3368.059 4619.369 4526.96 3622.776 3561.311
2307.77 2307.77 2307.77 2307.77 3058.466 4975.571 5332.24 3859.515 3897.581 3810.075 2935.177 2781.663 2323.78 3026.096 3009.224 1696.1 1696.1 2108.731 1962.727 2621.198 3544.022 3719.307 3730.094 3730.094 4225.649 6473.026 6473.414 6403.408 5530.207 4747.034 4656.985 4702.834 7087.944 15088.31 15068.07 15068.07 15068.69 18319.39 19718.49 21887.49 21912.31 26641.69 10838.14 7601.847 4305.183 4305.183 4305.183 4293.797 4168.998 3976.564 5664.837 6768.614 6768.614 6768.614 6768.614 6734.353 4585.269 3984.361 4973.107 4973.107 4886.554 4323.495 4175.25 4175.25 4175.25 4175.25 4001.958 3628.047 3968.015 3746.782 3449.589 3279.986 3670.534 3452.255 3477.166 3562.385
2308.463 2308.463 2308.463 2308.463 3602.593 4471.606 4471.606 4287.411 4471.606 4471.606 4313.321 3649.125 3810.647 2753.092 2613.352 1696.609 1696.609 1708.475 1696.609 1696.609 1400.496 1714.331 2472.715 3192.712 2696.934 6400.115 6475.359 6318.283 6268.185 6282.574 5523.521 5556.375 5310.999 14421.27 15072.6 15072.6 15605.01 16757.59 16780.48 17854.76 21647.38 33621 46661.79 46661.05 28073.18 24524.3 4879.587 3979.03 4000.685 3977.759 4550.916 6755.947 6770.647 6770.647 6770.647 5700.278 3894.866 3923.994 4688.49 4974.601 4710.601 4176.504 4176.504 4176.504 4176.504 4176.504 4176.504 4176.447 4176.504 4086.159 3708.144 3281.208 3280.971 3280.971 3349.616 3550.259
2309.156 2309.156 2309.156 2309.156 2752.636 3039.945 4090.969 2819.995 2965.367 3191.17 3678.228 2760.368 2708.597 2793.035 2118.945 1697.119 1697.119 1697.119 1697.119 1697.119 1696.081 1025.948 697.0291 1061.418 432.3637 5348.077 6477.303 4540.734 4730.276 1743.409 6418.284 6477.303 6477.303 6877.575 13865.83 16356.28 16663.67 16762.63 16762.63 19848.96 23520.38 41862.54 46769.04 46769.04 46769.04 46769.04 14465.28 3978.953 3978.953 3978.953 3978.953 4849.284 6167.712 6645.296 6772.68 4588.359 3972.478 3898.336 4639.548 4976.095 4822.282 4177.759 4177.759 4177.759 4177.759 3999.271 3387.59 4065.646 4110.193 3369.018 3281.957 3281.957 3281.957 3281.957 3281.957 3547.561
2309.847 2309.847 2309.847 2319.973 3692.499 3737.454 3454.265 2668.262 2619.068 2619.068 2619.068 2619.068 1852.373 1697.626 1697.626 1697.626 1697.626 1697.626 1697.626 1697.626 1697.626 1536.5 543.2437 8.532191 127.5429 2474.708 3010 2018.87 222.9487 1013.29 4651.179 6479.242 6479.242 6768.973 14114.24 16767.64 16767.64 16219.73 14787.5 20039.59 23527.42 41794.02 46783.04 46783.04 46783.04 46783.04 22846.17 3980.144 3980.144 3980.144 3980.144 3980.144 3980.144 4046.232 4333.628 3998.46 3897.35 4268.522 4950.687 4977.584 4912.31 4242.264 4179.009 4179.009 4179.009 3672.796 3282.938 3387.875 3424.611 3282.938 3282.938 3282.938 3282.938 3285.365 3393.404 3561.277
2337.028 2310.538 2963.429 3623.384 4277.877 4277.877 4028.549 2859.087 2619.851 2619.851 2619.851 2619.851 1868.694 1817.349 1746.193 1796.54 1698.134 1698.134 1698.134 1698.134 1698.134 1679.75 448.9221 48.3888 371.0083 5156.177 3947.708 4921.467 5606.711 4298.502 2920.748 5190.231 6213.113 9139.224 16772.66 16772.66 16772.66 13989.21 7173.759 19210.51 12791.64 19256.53 37886.69 46797.04 46797.04 46797.04 29631.66 5210.803 3981.334 3981.334 3981.334 3981.334 3990.494 4016.002 4028.584 4028.932 3991.152 4073.173 4527.658 4979.073 4979.073 4780.429 4180.259 4180.259 4180.259 4033.845 3305.371 3283.921 3283.921 3283.921 3283.921 3283.921 3283.921 3283.921 3285.656 3324.481
3113.508 2535.36 3492.768 4279.152 4279.152 4279.152 4279.152 2904.273 2620.632 2620.632 2620.632 2620.632 2531.852 2302.038 2155.105 2026.18 1713.397 1750.525 1717.444 1698.64 1698.64 1698.64 1348.393 1147.593 256.8914 5602.09 6264.64 3472.363 2109.266 20.96549 289.8673 581.6001 1852.05 4959.494 12092.55 10250.62 8138.985 6977.624 6976.94 6976.94 6976.94 6976.94 11805.47 41392.77 46767.58 46810.98 46522.44 20694.75 4587.267 4567.364 3983.501 3991.252 4022.921 4030.912 4030.912 4030.912 4030.912 4030.912 4142.165 4980.557 4980.557 4858.644 4506.491 4419.002 4311.268 4828.469 3390.429 3284.899 3284.899 3284.899 3284.899 3284.899 3284.899 3284.899 3284.899 3296.364
3443.854 3405.677 3576.548 4045.544 4280.427 4280.427 4280.427 4248.745 3784.329 3105.076 2621.413 2621.413 2565.535 2298.49 2297.61 2297.61 2297.61 2297.61 2294.703 2205.219 2139.673 1702.974 1699.146 591.7117 877.6366 4992.699 2089.463 490.4882 0 1073.618 3034.58 3103.164 2207.585 1096.107 2586.979 3103.164 3392.982 5789.473 6254.262 6979.019 6979.019 6979.019 6979.019 8078.235 44546.64 46824.93 37804.47 5136.93 5136.93 5113.765 4699.689 4847.934 4148.051 4032.113 4032.113 4032.113 4032.113 4032.113 4384.983 4982.041 4982.041 4982.041 4982.041 4982.041 5198.502 5259.267 5257.134 3481.415 3285.878 3285.878 3285.878 3285.878 3285.878 3285.878 3285.937 3326.841
3444.876 3444.876 3444.876 3822.971 4281.698 4281.698 4281.698 4281.698 4281.698 4034.916 3146.02 3175.96 2585.091 2298.292 2298.292 2298.292 2298.292 2298.292 2298.292 2298.292 2195.831 1869.019 1699.651 969.2548 371.5733 1155.828 0 0 80.35504 2885.939 3104.085 3104.085 3104.085 3104.085 3104.085 3104.085 3465.783 6469.708 6884.266 6981.091 6981.091 6981.091 7308.473 30090.83 46838.83 46838.83 44708.2 9626.447 5138.455 5138.455 5138.455 5138.455 4638.511 4033.31 4033.31 4033.31 4033.31 4033.31 4519.407 4983.52 4983.52 4983.52 4983.52 5118.314 5260.738 5260.828 5260.828 3963.737 3286.854 3286.854 3286.854 3286.854 3286.854 3286.854 3286.854 3295.667
3445.898 3445.898 3445.898 3453.866 4238.04 4282.968 4282.968 4282.968 4282.968 4282.968 4282.968 4282.968 3632.516 2663.245 2844.274 4748.375 5476.332 4406.908 2298.974 2161.896 1895.53 1704.697 1623.679 485.1925 0 0 0 0 544.6652 3105.006 3105.006 3105.006 3105.006 3105.006 3105.006 3105.006 3105.006 5771.262 6983.163 6983.163 6439.864 6470.839 10491.94 42123.99 44077.43 25657.37 31412.51 5563.236 5139.979 5139.979 5139.979 5139.979 4675.35 4034.507 4034.507 4034.507 4034.507 4034.507 4340.038 4984.999 4984.999 5099.389 5216.311 5256.942 5262.389 5262.389 5262.389 4298.417 3487.269 3287.829 3287.829 3287.829 3287.829 3287.829 3289.319 3325.114
3446.917 3446.917 3446.917 3464.581 4208.082 4171.005 4244.129 4282.97 4240.081 4284.235 4284.235 4284.235 4284.235 3810.833 2849.763 9851.847 10821.6 7983.963 3115.865 1805.267 1700.658 1700.658 1235.853 9.55466 0 0 0 0 1214.122 3105.925 3105.925 3105.925 3105.925 3105.925 3105.925 3105.925 3105.925 3165.883 6322.236 6748.878 5932.566 5266.835 5266.835 5987.535 7835.306 5180.582 5141.499 5141.499 5141.499 5141.499 5141.499 5126.083 4178.786 4035.7 4035.7 4053.132 4277.027 4035.7 4083.59 5313.097 5307.01 5389.978 5263.945 5263.945 5263.945 5263.945 5263.945 5006.916 3513.966 3288.801 3288.801 3288.801 3288.801 3288.801 3218.794 3119.008
3404.76 3447.934 3447.934 3804.179 3958.826 3960.884 4064.449 4053.794 3994.003 4285.499 4285.499 4285.499 4116.933 3009.755 3009.912 10661.98 10824.79 10824.79 10824.79 6788.52 1701.255 1631.574 188.1967 0 0 0 0 0 2021.858 3106.841 3106.841 3099.595 3106.841 2935.073 2884.885 3106.841 3179.794 3300.824 3334.142 3845.889 4851.791 5194.066 5268.39 5268.39 5268.39 5258.434 5353.132 5593.236 5607.237 5479.965 5164.941 5143.016 5163.075 5345.02 5370.455 5808.674 5804.19 5234.83 5591.738 5799.342 5799.342 5788.971 5679.498 5304.027 5265.499 5265.499 4728.339 3659.331 3289.771 3289.771 3289.771 3287.31 3094.499 2875.401 2879.312 2908.045
