indp95ag.asc
ncols         816
nrows         816
xllcorner     65
yllcorner     5
cellsize      0.0416666666667
NODATA_value  -9999
[rows 272 to 305 of 816, columns 304 to 379 of 816]
10359.79 9339.63 9339.63 9384.482 10046.54 10150.65 10150.65 10586.08 13909.89 13107.27 12591.96 14346.54 14758.73 12210.53 10064.38 10064.38 10064.38 10064.38 10064.38 10064.38 11830.28 12347.68 12347.68 12347.68 12349.69 12380.94 11192.07 9131.832 8668.486 8668.486 8763.346 9137.454 8668.486 8668.486 8677.338 10249.15 10329.86 10329.86 10323.97 10177.75 9715.648 9459.812 9462.335 9153.596 9153.596 9102.587 7998.323 9135.436 8798.06 7955.324 7915.604 9125.951 10309.95 6987.302 6867.743 6867.743 6867.743 6867.743 6867.743 6867.743 6867.743 6867.743 6867.743 8641.619 9644.863 9644.863 9644.863 9644.863 11284.42 14990.79 14997.07 14997.07 14997.07 14977.42 13077.55 10470.28
10168.19 9343.186 9343.186 9343.186 9887.372 10233.68 13291.21 13712.21 17017.02 16670.85 16488.78 16740.18 16996.91 11881.36 10068.21 10068.21 10068.21 10071.33 10259.18 11469.07 12224.86 12352.38 12352.38 12352.38 12352.38 12352.38 10907.08 9579.527 8671.786 8671.786 9388.713 10886.63 9403.312 8671.786 8677.605 9260.81 10186.73 10333.79 10333.79 10333.79 10333.79 10333.79 10309.46 9507.54 8387.705 7727.932 6762.262 9035.73 8946.762 7941.913 7918.618 7918.618 7489.804 6870.357 6870.357 6870.357 6870.357 6870.357 6870.357 6870.357 6870.357 9017.511 10243 9542.827 9648.536 9648.536 9648.536 9648.536 9648.536 13153.69 15002.78 15002.78 15002.78 15002.78 14626.6 10790.46
12448.95 9346.736 9346.736 9346.736 9428.043 14275.81 17039.89 17039.89 17039.89 17039.89 17039.89 17039.89 16707.49 13749.2 10486.46 10118.81 10215.78 10583.6 11711.26 12357.07 12357.07 12357.07 12357.07 12357.07 12357.07 12357.07 12357.07 12281.39 11140.74 9484.469 10294.98 10901.86 10826.98 9874.406 9156.198 9572.934 10148.31 10404.64 10337.72 10337.72 10337.72 10337.72 10337.72 10337.72 7450.28 6447.131 6447.131 8424.159 9154.012 8118.203 7921.627 7921.627 7423.812 6872.969 6872.969 6872.969 6872.969 7035.776 7118.685 6872.969 7064.736 10025.51 10966.64 10259.49 9652.203 9652.203 9652.203 9652.203 9652.203 10587.23 15008.48 15008.48 15008.48 15008.48 15008.48 11769.35
10490.87 9371.009 9350.283 9350.283 9944.354 14372.98 17043.71 17046.36 17046.36 16059.18 15444.97 15765.24 17037.46 14745.8 13659.19 10287.12 10294.69 10294.69 10593.85 12222.38 12361.76 12361.76 11816.72 12345.49 12361.76 12361.76 12361.76 12361.76 12328.07 11451.35 10906 10906 10906 10906 10906 10906 10906 10597.28 10374.4 10341.64 10341.64 10341.64 10341.64 10341.64 9614.84 6682.185 6449.577 8380.052 9096.714 8611.618 7924.633 7924.633 7600.837 6971.156 6875.577 7330.941 9355.606 10167.08 10953.35 9895.429 10826.91 10847.87 10970.8 10574.51 9655.925 9655.865 9655.865 9655.865 9655.865 12515.41 15014.18 15014.18 15014.18 15014.18 15014.18 14703.62
13839.85 13049.66 11231.56 11524.19 11650.77 11478.87 12886.22 13090.95 13460.47 12870.66 12020.52 12020.52 12396.12 10334.34 10298.59 10298.59 10298.59 10298.59 10298.59 11214.08 11979.35 11501.9 9302.514 9767.521 12359.6 12366.44 12366.44 12366.44 12366.44 11289.74 10910.13 10910.13 10910.13 10910.13 10910.13 10910.13 10910.13 10860.83 10404.05 10345.56 10345.56 10345.56 10345.56 10345.56 10345.56 9480.031 6539.542 6472.715 7897.141 8347.384 7927.634 7927.634 7922.908 7082.377 7153.371 9157.874 10974.95 10974.95 10974.95 10974.95 10974.95 10974.95 10974.95 10972.07 10172.89 9661.285 9659.522 9659.522 9659.522 11374 10676.46 10627.75 12104.73 14568.64 15019.86 14442.52
14043.67 14043.67 14043.67 14043.67 14043.67 13292 12098.78 12025.06 12025.06 12025.06 12025.06 12025.06 10971.77 10302.48 10302.48 10302.48 10302.48 10302.48 10302.48 10014.66 9300.969 9222.838 8987.792 10326.35 12308.97 12371.12 12371.12 12371.12 11852.91 10470.98 10614.66 10798.54 10754.75 10881.52 10908.43 10914.25 10914.25 10886.26 10360.62 10349.47 10349.47 10349.47 11056.14 10535.74 12576.61 16037.34 8097.212 6454.459 6477.037 7607.631 7930.632 7930.632 7887.764 7271.497 10108.39 10971.79 10979.1 10979.1 10979.1 10979.1 10979.1 10979.1 10979.1 10979.1 10979.1 10424.03 9663.271 9663.175 9663.175 9663.175 9663.175 9663.175 9663.175 10640.87 14604.62 14275.73
14048.97 14048.97 14048.97 14048.97 14048.97 12796.03 12029.59 12029.59 12029.59 11977.01 12017.35 11994.1 11749.48 11417.67 10932.93 10326.51 10306.37 10306.37 10313.33 9941.236 8991.18 8991.18 8991.18 8991.18 10786.49 12257.13 12375.78 12375.78 11118.17 10463.1 10463.1 10463.1 10482.94 10837.45 10873.96 10914.04 10918.37 10780.83 11362.64 10714.29 11956.85 14394.1 16533.81 16036.03 16781.22 16781.22 16027.24 6571.479 6684.805 7847.012 7933.621 7933.621 7933.621 8030.431 10854.22 10957.22 10942.83 10933.27 10983.24 10983.24 10983.24 10983.24 10983.24 10983.24 10983.24 10983.24 10147.83 9666.816 9666.816 9666.816 9666.816 9666.816 9666.816 9712.071 10791.08 12488.9
14054.26 14054.26 14054.26 14054.26 14054.26 12905.42 12034.12 12034.12 12021.26 11938.88 11832.34 11831.05 11821.85 11821.85 11521.58 10543.68 12472.32 20735.42 23911.52 16321.89 8994.566 8994.566 8994.566 8994.566 8994.566 11218.13 11943.1 11337.45 10546.37 10467.04 10467.04 10467.04 10637.37 10869.36 10870.13 10872.87 10901.3 11066.73 15877.97 13580.32 15961.93 16787.54 16787.54 16787.54 16787.54 16787.54 16787.54 9634.328 6518.082 7633.179 7936.609 7936.609 7936.609 7936.609 8934.807 10499.33 10491.38 10873.16 10987.38 10987.38 10987.38 10987.38 10987.38 10987.38 10987.38 10987.38 10844.25 9734.708 9670.458 9670.458 9670.458 9670.458 9670.458 10467.34 11720.52 11720.52
14059.54 14059.54 14059.54 14059.34 13730.49 13486.38 13422.37 13043.47 11847.33 11826.3 11826.3 11826.3 12101.09 13588.71 13297.85 20024.22 26464.78 26556.49 26556.49 14718.52 8997.949 8997.949 8997.949 8997.949 8997.949 10115.67 10470.98 10470.98 10470.98 10470.98 10470.98 10470.98 10470.98 10740.02 10874.22 10874.22 10875.47 10952.66 15501.18 16793.86 16793.86 16793.86 16793.86 16793.86 16793.86 16793.86 16793.86 10820.49 6461.753 7039.549 7939.594 7939.594 7939.594 7939.594 8460.42 10464.7 10495.83 10911.84 10991.51 10991.51 10991.51 10991.51 10991.51 10991.51 10991.51 10915.75 9896.361 9723.221 9678.765 9674.095 9674.095 9855.271 9674.185 10736.7 11724.93 11724.93
13546.76 13705.29 13678.33 11450.15 11587.59 10986.88 34019.39 32110.63 20155.04 11830.74 11830.74 11830.74 11859.42 14752.06 15105.7 16273.05 25683.81 26566.46 26566.46 18732.27 9001.327 9001.327 9001.327 9001.327 9126.772 10112.02 10474.91 10474.91 10474.91 10474.91 10474.91 10474.91 10474.91 10527.46 10878.23 10878.3 10878.3 10878.3 11812.48 15509.2 16800.16 16800.16 16800.16 16800.16 16800.16 16800.16 16800.16 16028.85 7874.474 7496.249 7942.575 7942.575 7942.575 7942.575 8541.697 10491.09 10525.61 10934.98 10995.64 10995.64 10995.64 10995.64 10995.64 10995.64 10977.52 10100.31 9732.585 9732.585 9703.389 9689.199 9852.595 11641.29 10931.11 11681.41 11729.33 11729.33
10039.89 10030.23 10285.26 10008.31 10008.31 21158.7 50978.07 57094.65 44508.64 11835.17 11993.66 11835.17 11981.29 15062.03 15111.35 17884.91 26450.77 26576.4 21861.77 9928.691 9004.695 9004.695 9004.695 9004.695 9004.695 9087.641 10188.12 10478.83 10478.83 10478.83 10478.83 10478.83 10478.83 10607.45 10882.12 10882.38 10882.38 10882.38 10882.38 12643.29 16727.02 16532.36 16650.83 16770.55 16806.45 16806.45 16806.45 16806.45 13768.52 10080.8 8096.629 7945.547 7945.547 7945.547 9161.773 10495.01 10495.01 10726.73 10998.74 10999.75 10999.75 10999.75 10996.32 10978.67 10587.12 9736.228 9736.228 9736.228 9728.938 9735.668 9734.423 10392.39 11733.72 11660.27 11733.72 11733.72
10242.77 10012.06 10012.06 10012.06 11224.19 46139.24 57116.01 57116.01 52288.18 45200.93 47231.95 40949.88 42246.19 17721.44 15117 23094.55 26586.34 26586.34 21704.5 9008.064 9008.064 9008.064 9055.577 9008.064 9032.478 11082.47 10851.49 10482.75 10482.75 10482.75 10482.75 10482.75 10483.29 10792.19 10886.45 10886.45 10886.45 10886.45 10886.45 10886.45 12360.14 14096.4 13341.99 13522.89 14989.31 16811.58 15467.83 16259.98 13401.48 12843.35 11191.29 9105.014 8549.763 8125.001 10025.47 10498.94 10498.94 10506.34 10543.81 10770.62 10911.08 11003.87 10404.78 9808.937 9754.573 9739.869 9739.869 9739.869 9739.869 9739.869 9739.869 9742.086 10144.26 9851.328 10629.2 11482.57
10015.8 10015.8 10015.8 10015.8 17926.96 55736.44 57137.34 57137.34 57137.34 57137.34 57137.34 57137.34 54435.02 17305.72 15122.65 23662.07 24488.13 26596.27 25512.4 10649.61 11070.52 11873.59 12238.58 12124.13 11330.84 12701.2 12650.85 10538.83 10125.53 10486.66 10486.66 10486.66 10486.66 10630.95 10889.57 10890.51 10890.51 10890.51 10890.51 10890.51 10890.51 11953.66 13187.56 13187.56 13204.17 13849.58 13187.56 13193.36 13187.56 13078.84 12100.46 12066.03 11660.25 10229.27 10905.21 10583.36 10502.86 10502.86 10502.86 10502.86 10596.92 10646.9 10050.24 9743.506 9743.506 9743.506 9743.506 9743.506 9743.506 9743.506 9743.506 9743.506 9743.506 9743.506 9743.506 10270.54
10019.53 10019.53 10019.53 10019.53 10097.83 40614.58 57158.63 57158.63 57158.63 57158.63 55058.82 43323.22 20232.75 13712.85 13738.31 15869.42 22417.93 26606.18 26606.18 22550.06 12706.37 12705.93 12705.93 12705.93 12705.93 12705.93 12067.69 9749.681 9375.688 10029.42 9339.754 9386.78 9676.139 9394.405 10459.6 10888.26 10894.57 10894.57 10894.57 10894.57 10894.57 11959.99 13041.41 13192.47 13192.47 13192.47 13192.47 13192.47 13192.47 12849.89 12070.53 12070.53 12070.53 12070.53 12070.53 10945.37 10506.77 10506.77 10506.77 10506.77 10506.77 10506.77 10262.18 9747.138 9747.138 9747.138 9747.138 9747.138 9747.138 9747.138 9747.138 9747.138 9747.138 9747.138 9822.258 10260.28
9890.777 10023.25 10023.25 10003.66 9919.64 40560.97 29359.29 39812.79 38996.29 28938.72 16176.82 10297.51 10297.51 10542.78 10306.46 14103.79 11777.67 18516.19 25085.27 25912.32 14549.58 12710.65 12710.65 12710.65 12710.65 12710.65 11664.88 8805.961 8782.454 8782.454 8782.454 8782.454 8782.454 8782.454 8782.454 9505.711 10898.62 10898.62 10898.62 10898.62 10898.62 11054.9 12734.75 13197.37 13197.37 13197.37 13197.37 13197.37 13197.37 12748.06 12075.02 12075.02 12075.02 12075.02 12075.02 11921.06 10756.03 10510.68 10510.68 10510.68 10510.68 10510.68 10131.95 9750.76 9750.76 9750.76 9750.76 9750.76 9750.76 9750.76 9750.76 9896.902 9904.998 10556.76 10891.02 10881.86
7341.385 9057.461 8813.205 9089.855 8569.715 8566.871 8566.871 9241.838 10301.34 10301.34 10301.34 10301.34 10301.34 10301.34 10301.34 10301.34 10301.34 10301.34 16384.84 26101.16 19274.1 12715.37 12715.37 12715.37 12715.37 12715.37 12431.44 9125.522 8785.716 8785.716 8785.716 8785.716 8785.716 8785.716 8786.398 8876.301 11070.85 10902.67 10902.67 10902.67 10902.67 12045.46 13202.28 13202.28 13202.28 12554.54 10734.17 13202.28 13200.38 12233.29 12076.77 12060.54 12079.5 12079.5 12079.5 11985.54 10581.08 10514.58 10514.58 10514.58 10514.58 10514.59 10347.39 9816.707 9754.382 9754.382 9754.382 9754.382 9754.382 9795.702 10359.17 10934.48 10979.23 10979.23 10979.23 11035.44
7079.904 7982.387 8522.976 8570.047 8570.047 8570.047 8570.047 8578.901 9186.188 10059.09 10302.03 10305.16 10305.16 10305.16 10281.58 10305.16 9943.064 10137.17 11892.01 14075.19 12120.12 12685.5 12720.09 12720.09 12720.09 12720.09 12720.09 10921.68 9051.007 9014.828 8883.985 8790.208 8798.146 8974.965 9441.073 12349.64 12385.93 10631.21 10519.06 10644.79 10962.04 12830.65 13207.17 13207.17 12311.15 10967.85 8788.85 10051.02 10795.68 9150.71 9342.203 9285.021 9535.703 10738.88 11905.53 12074.44 11115.15 10518.48 10596.46 10738.56 10656 10602.39 11092.41 10272.7 9757.998 9757.998 9760.636 9843.767 10023.86 10403.47 10964.76 10983.3 10983.3 14547.43 20278.45 26611.98
8573.214 8698.168 9388.326 8862.541 8595.537 8593.275 8573.214 8573.214 8573.214 8579.136 8274.966 7274.03 7890.271 8584.543 8412.86 7972.735 7379.026 7469.872 7395.853 7352.943 9259.165 7990.851 10801.26 12584.61 12724.79 12724.79 12201.55 11503.48 11366.7 11522.41 10383.35 9112.154 9027.703 9310.989 11790.84 13062.37 12289.38 10423.27 10423.27 10448.68 10985.09 12127.96 12221.72 12108.11 10135.09 8719.634 8719.634 8719.634 8719.634 8719.634 8719.634 8719.634 8719.634 8719.634 8814.633 9651.226 9970.206 10530.08 10948.91 11102.29 11019.76 11084.17 11102.29 11074.9 9848.477 9761.753 10024.95 10249.48 10251.54 10845.1 10924.95 10987.36 10987.36 11007.7 29688.24 43111.01
8599.255 10137.09 11374.16 11374.16 11100.47 9743.342 9851.509 9685.998 9460.976 7213.848 7021.916 6606.204 6623.273 6703.656 7182.903 7315.209 7315.209 7315.209 7315.209 7315.209 7481.228 7329.059 7421.009 11135 9557.772 9152.45 9956.843 11540.4 11540.4 11540.4 11540.4 9956.039 9458.505 10902.42 13067.19 13067.19 11331.45 10427.12 10427.12 10427.12 9792.658 9450.53 9431.983 9022.662 8726.844 8722.855 8756.773 8785.352 8722.855 8722.855 8722.855 8722.855 8722.855 8722.855 8790.445 8849.082 8849.082 9177.807 10382.41 11106.39 11106.39 11106.39 11106.39 11106.39 11010.62 10294.38 10326.08 10253.27 10261.63 10376.54 10669.09 10991.42 10991.42 11080.14 14034.43 23403.55
5201.05 10839.38 11378.35 11378.35 11366.51 10494.44 10269.36 10269.36 9291.193 6632.184 6608.64 6608.64 6642.267 7263.051 7841.93 8707.969 8860.725 7369.34 7317.907 7317.907 7317.907 7317.907 7317.907 7317.907 7341.934 7317.907 7544.813 9159.777 11491.78 11553.71 11544.66 10766 10321.05 13057.13 13072.01 13015.29 10934.84 10430.97 10430.97 10430.97 9743.354 9454.016 9454.016 9454.016 9347.903 9111.842 9385.542 9438.003 8869.717 8726.072 8726.072 8726.072 8726.072 8784.395 8819.777 8852.346 8852.346 8852.346 9189.99 11110.48 11110.48 11110.48 11110.48 11110.48 11110.48 11110.48 10605.37 10257.05 10257.05 10257.05 10301.38 10432.14 18035.45 40158.26 35443.8 48702.43
3394.076 7680.217 10433.16 11382.54 10896.14 10273.13 10273.13 10273.13 9291.082 6611.069 6581.811 6561.435 6557.913 6604.724 7451.174 9122.239 9284.548 8760.86 8371.327 7320.598 7320.598 7320.598 7320.598 7320.598 7320.598 7297.513 7370.78 8355.683 10874.16 12980.26 12292.07 12515.59 12826.01 13076.82 13071.27 11690.57 10434.8 10434.8 10434.8 10429.02 9624.831 9457.49 9457.49 9457.49 9457.49 9457.49 9457.49 9457.49 9425.165 8906.952 8738.695 8729.279 7807.693 7701.147 8730.757 8855.6 8855.6 8855.6 8916.55 10487.3 11114.57 11114.57 11114.57 11114.57 11114.57 11110.13 10319.43 10260.82 10260.82 10260.82 10260.82 10260.82 18974.5 47402.1 48720.33 48720.33
4305.014 4353.964 4517.788 7884.663 9907.07 10276.91 10276.91 10276.91 8815.119 6613.499 6566.314 6529.031 6529.031 6529.031 6573.657 8405.901 9263.791 9287.96 9276.02 8985.579 6928.638 6665.864 6789.537 5843.305 4353.596 4188.228 6720.536 11258.1 13067.85 13081.62 13081.62 13081.62 13081.62 13081.62 11870.56 10438.64 10438.64 10438.64 10438.64 10390.42 9508.764 9460.966 9460.966 9460.966 9460.966 9460.966 9460.966 9460.966 9460.966 9228.423 7680.6 7342.721 7062.726 6921.666 7272.686 8750.186 8858.854 8858.854 8858.854 9905.081 11118.65 11118.65 11118.65 11118.65 11118.65 11096.8 10323.33 10264.59 10264.59 10264.59 10264.59 10264.59 10264.59 30252.76 48596.27 48738.24
4355.561 4355.561 4364.559 6408.293 9735.537 10280.68 10280.68 10158.12 7094.272 6615.925 6560.892 6531.426 6531.426 6531.426 6535.57 6617.981 8309.63 9291.367 9291.367 8240.062 3387.062 3352.37 3320.676 3307.033 3307.033 3307.033 3307.033 4702.893 12793.79 13086.42 13086.42 13086.42 13086.42 12917.51 10980.72 10442.47 10442.47 10442.47 10442.47 10420.61 9623.438 9464.437 9464.437 9464.437 9464.437 9464.437 9464.437 9464.437 8793.332 7140.617 6924.205 6924.205 6924.205 6924.205 6938.741 8238.254 8862.104 8862.104 8862.104 8929.776 10654.74 11122.73 11122.73 11122.73 11122.73 11122.73 10755.47 10268.36 10268.36 10268.36 10268.36 10268.36 15229.3 31567.61 47970.53 48756.11
4357.153 4357.153 4446.418 10262.22 10284.43 9412.815 8830.647 6950.02 6168.245 6252.617 6462.232 6533.814 6533.814 6533.814 6533.814 6533.814 8493.425 9294.764 8621.092 7423.632 3708.083 3550.142 3308.243 3308.243 3308.243 3308.243 3439.046 8284.924 11170.82 11484.44 12049.18 13047.49 13041.42 6755.114 7999.808 10446.29 10446.29 10446.29 10446.29 10288.85 9493.195 9467.896 9467.896 9467.896 9470.035 9467.896 9467.896 9467.896 9451.18 7577.245 6926.737 6926.737 6926.737 6926.737 6926.737 7364.692 8850.777 8865.344 8865.344 8865.344 8999.909 10384.88 11126.8 11129.53 11126.8 11126.8 10762.86 10272.11 10272.11 10272.11 10272.11 10272.11 16548.09 48773.94 48773.94 48773.94
4358.746 4358.746 4358.746 9019.787 9511.483 6265.274 6168.966 6168.966 6168.966 6168.966 6177.925 6460.666 6536.202 6536.202 6536.202 6536.202 7950.659 9111.537 6324.701 5315.064 5315.064 4405.638 3309.452 3309.452 3309.452 3309.452 7040.559 10819.58 10819.58 10819.58 11150.33 11119.93 11304.9 4451.176 4608.301 7573.753 8794.848 10450.1 10450.1 11103.48 10783.02 10231.74 10337.63 10449.49 11239.5 10749.98 9471.357 9471.357 9388.662 7402.25 6929.269 6929.269 6929.269 6929.269 6929.269 6929.269 8507.945 8868.584 8868.584 8868.584 8868.584 9006.192 10628.04 12074.08 11597.54 11701 11399.88 10482.17 10768.09 10275.87 10275.87 10275.87 11922.79 32954.77 33137.38 35607.27
4360.336 4360.336 4360.336 5419.508 6288.914 6171.217 6171.217 6171.217 6171.217 6171.217 6171.217 6267.995 6284.593 6382.201 6538.587 6538.587 6799.812 7334.901 5317.004 5317.004 5317.004 4360.395 3310.659 3310.659 3310.659 3979.75 9622.764 10823.53 10823.53 10823.53 10823.53 10560.54 4654.462 4230.037 4230.037 4230.037 4538.671 8372.057 11582.04 11755.47 11756.08 11756.08 11756.08 11756.08 11756.08 11553.43 10416.58 9481.177 9473.164 8503.38 6934.413 6931.797 6931.797 6931.797 6931.797 6931.797 7653.715 8731.644 8871.819 8871.819 8871.819 8871.819 20263.11 17211.64 12301.62 12301.62 12301.62 12301.62 12293.82 11188.02 10295.93 10279.62 10279.62 10261.38 9844.248 10067.85
4361.922 4285.356 3893.036 4220.959 5889.06 6173.461 6173.461 6173.461 6173.461 6173.461 6173.461 6173.461 6173.461 6098.177 5386.893 5646.654 5106.524 5318.938 5318.938 5318.938 5318.938 4760.135 3761.687 3311.863 3311.863 9289.448 10827.46 10827.46 10827.46 10827.46 10827.46 9874.818 4325.961 4231.575 4231.575 4231.575 4231.575 9072.668 11760.36 11760.36 11760.36 11760.36 11760.36 11760.36 11760.36 11760.36 11728.29 9766.81 9494.126 9494.126 9016.411 8546.875 8082.819 7012.544 6938.87 6967.676 7213.18 7321.159 7798.4 8873.822 8875.046 17666.96 43946.36 29894.89 12306.1 12306.1 12306.1 12306.1 12306.1 12304.57 11713.86 11473.99 10960.07 10057.42 9411.913 9415.052
4038.489 3829.436 3724.677 3724.677 5355.838 6175.706 6175.706 6175.706 6175.706 6175.706 6175.706 6175.706 6175.706 4388.47 4357.944 4304.133 4304.357 5041.364 5320.871 5320.871 5320.871 5320.871 5228.946 4286.479 4066.98 9343.783 10831.4 10831.4 10831.4 10831.4 10831.4 10831.4 7916.983 4233.113 4233.113 4233.113 4233.113 5375.314 9244.796 10511.41 11764.63 11764.63 11764.63 11764.63 11764.63 11764.63 10896.03 8816.083 9203.553 8191.59 9204.722 9497.577 9477.023 8610.672 7246.155 7202.162 7224.298 7224.298 7224.298 8590.635 21348.19 47636.49 50190.43 30809.46 12658.64 12310.57 12310.57 12310.57 12310.57 12310.57 12310.57 12310.57 12163.01 9535.28 9415.335 9415.335
3726.027 3726.027 3726.027 3726.027 4165.108 5845.696 5037.303 6174.481 6177.943 6177.943 6177.943 6177.943 6171.922 4339.457 4305.693 4305.693 4305.693 4346.162 4757.223 5018.84 5322.799 5322.799 5322.799 5322.799 5322.799 5432.63 6846.691 7342.368 8435.154 9517.96 10557.46 10835.32 10833.61 8553.946 5083.32 4234.647 4234.647 4234.647 8134.998 11768.9 11768.9 11768.9 11768.9 11768.9 11768.9 11625.58 8465.318 7750.387 7660.313 7999.842 9411.493 9501.019 8989.705 7365.547 7226.916 7226.916 7226.916 7226.916 7226.916 23742.86 50208.61 50208.61 50208.61 50208.61 33705.78 12315.03 12315.03 12315.03 12315.03 12315.03 12315.03 12315.03 11535.23 9418.747 9418.747 9418.747
3727.376 3727.376 3727.376 3727.376 3799.854 3873.848 3774.919 5818.063 6180.181 6180.181 6180.181 6180.181 6180.181 5975.607 4652.127 4307.252 4307.252 4307.252 4307.252 4307.919 4735.348 5324.727 5324.727 5324.727 5324.727 5324.727 4345.083 3218.689 3218.689 3218.689 3596.767 6699.143 7658.706 7390.649 6197.905 5288.647 4458.964 7108.851 10142.26 10858.61 11773.16 11409.17 9471.247 10095.56 11773.16 10266.62 7447.249 7447.249 7447.249 8221.653 9489.001 9504.461 9504.461 8137.233 7229.534 7229.534 7229.534 7229.534 7229.534 41594.72 50226.8 50226.8 50226.8 50226.8 49655.62 34966.88 12319.49 12319.49 12319.49 12319.49 12319.49 12319.49 11077.62 9422.158 9422.158 9422.158
3728.722 3728.722 3728.722 3728.722 3728.722 3728.722 3728.722 4801.07 6182.413 6182.413 6182.413 6182.413 6182.413 6182.413 4665.713 4308.808 4308.808 4308.808 4308.808 4308.808 4489.524 5326.65 5326.65 5326.65 5326.65 5326.65 5189.182 3443.795 3219.851 3219.851 3219.851 3219.851 3219.851 3219.851 4880.16 6087.804 6079.765 6107.944 6090.339 6424.489 7871.392 6331.741 6095.004 6732.984 11189.43 7840.393 7449.938 7449.938 7449.938 7500.772 9335.791 9507.893 9274.119 7630.658 7232.144 7232.144 7232.144 7232.144 7232.144 37867.39 50244.94 50244.94 50244.94 50244.94 50244.94 50138 32842.78 13981.38 12323.94 12323.94 12323.94 12323.94 10807.02 9421.734 9416.689 9421.813
3771.943 3730.068 3730.068 3730.068 3730.068 3730.068 3730.068 4197.632 5990.452 6184.644 6184.644 6184.644 6184.644 6184.644 4834.572 4647.587 4393.041 4346.9 4310.363 4310.363 4318.499 4583.256 4694.915 4894.599 5328.572 5328.572 5193.715 3948.989 3681.823 3507.797 3549.151 3802.093 3997.464 3856.013 5137.595 6034.79 6090.315 6090.315 6090.315 6090.315 6090.315 6095.697 6097.501 6097.501 7209.5 6690.909 7452.627 7452.627 7452.627 7452.627 8210.646 9180.641 8149.435 7253.147 7234.754 7234.754 7234.754 7234.754 7234.754 29027.1 50263.07 50263.07 50263.07 50263.07 50263.07 50263.07 50263.07 45083.58 23057.6 12336.07 12328.39 11683.41 9806.973 9414.715 9414.715 9293.113
4071.643 3731.41 3731.41 3731.41 3731.41 3731.41 3731.41 5181.598 6518.871 7173.039 7393.922 7468.773 7070.741 6641.752 7749.031 7907.593 7907.593 6705.366 4311.914 4311.914 4311.914 4311.914 4311.914 4335.155 4656.475 4720.304 4473.984 4279.179 4274.044 4274.044 4274.044 4274.044 4274.044 4274.044 4591.947 5975.541 6092.506 6092.506 6092.506 6092.506 6095.605 6099.369 6099.694 6008.622 5134.993 6821.482 7455.308 7455.308 7455.308 7557.017 7935.527 8348.744 8348.744 8049.294 7680.114 7237.357 7237.357 7237.357 7237.357 21743.54 50281.15 50281.15 50281.15 50281.15 50281.15 50281.15 50281.15 50281.15 50281.15 14908.68 12332.82 9889.264 9418.103 9418.103 9418.103 9407.812
4025.191 3732.75 3732.75 3732.75 3732.75 3889.3 3732.75 4282.479 7733.623 7910.433 7910.433 7910.433 7910.433 7910.433 7910.433 7910.433 7910.433 7868.552 5584.933 4989.891 4339.078 4313.462 4313.462 4313.462 4313.462 4287.303 4222.719 4295.919 4308.24 4299.459 4291.911 4278.033 4275.579 4888.077 5814.83 6094.694 6094.694 6094.694 6094.694 6094.694 6100.354 6101.885 6101.885 5371.292 4427.521 6682.96 7457.986 7457.986 7631.966 7884.846 8351.742 8351.742 8351.742 8351.742 8225.488 8021.386 7811.718 7448.008 7837.564 11003.31 42302.3 50299.21 50299.21 50299.21 41903.95 50133.3 50299.21 50299.21 50299.21 28933.31 11233.62 9604.201 9421.484 9421.484 9421.484 9421.484
