indp90g.asc
ncols         816
nrows         816
xllcorner     65
yllcorner     5
cellsize      0.0416666666667
NODATA_value  -9999
[rows 238 to 271 of 816, columns 152 to 227 of 816]
0 0 0 0 0 0 0 0 0 0 0 0 0 0 0 0 0 0 0 0 0 0 0 0 0 0 0 0 0 0 0 0 0 0 0 0 0 0 91.0688 1531.151 1638.465 1638.465 1638.465 1638.465 1638.465 1638.465 1638.465 1638.465 1638.465 1638.465 2419.788 3047.29 3047.29 3047.29 2260.283 1511.185 1511.185 1511.185 1511.185 1511.185 1511.185 1511.185 1511.185 1511.185 1511.185 1511.185 1336.308 1055.606 1029.452 1029.452 1029.452 1029.452 1029.452 1029.452 1029.452 1029.452
0 0 0 0 0 0 0 0 0 0 0 0 0 0 0 0 0 0 0 0 0 0 0 0 0 0 0 0 0 0 0 0 0 0 0 0 36.32685 590.1323 1319.505 1718.278 1685.307 1714.611 1733.868 1659.451 1639.126 1639.164 1639.462 1639.126 1639.126 1639.126 2386.345 3048.487 3048.52 2411.449 1630.977 1257.516 1270.911 1171.545 1387.387 1511.795 1511.795 1511.795 1511.795 1492.675 1417.138 1290.193 1033.93 1029.868 1029.868 1029.868 1029.868 1029.868 1029.868 1029.868 1029.868 1029.868
0 0 0 0 0 0 0 0 0 0 0 0 0 0 0 0 0 0 0 0 0 0 0 0 0 0 0 0 0 0 0 0 0 0 331.4573 1067.923 1747.177 1904.891 1904.891 1904.891 1904.891 1904.891 1904.891 1864.386 1745.956 1836.46 952.1819 430.7964 422.0101 415.8176 403.4257 453.8115 630.6169 377.2798 457.5932 555.6738 546.4758 546.7191 732.9042 1509.179 1512.405 1480.752 1359.864 574.6678 546.4758 620.1857 1004.05 1030.283 1030.283 1030.283 1030.283 1030.283 1030.283 1030.283 1036.394 1365.894
0 0 0 0 0 0 0 0 0 0 0 0 0 0 0 0 0 0 0 0 0 0 0 0 0 0 0 0 0 0 0 0 424.248 1435.65 1904.222 1905.658 1905.658 1905.658 1905.658 1905.658 1905.658 1905.658 1905.658 1905.658 1905.658 1578.534 447.1611 362.9533 362.9533 362.9533 362.9533 362.9533 362.9533 362.9533 479.8336 546.6957 546.6957 546.6957 585.2501 1168.875 890.7324 732.3951 1435.642 636.6999 546.6957 546.6957 679.7266 862.0344 1030.698 1030.698 1030.698 1030.698 1030.698 1056.252 1416.539 1793.064
0 0 0 0 0 0 0 0 0 0 0 0 0 0 0 0 0 0 0 0 0 0 0 0 0 0 0 0 0 0 50.00185 814.4379 1895.009 1906.424 1906.424 1906.424 1906.424 1906.424 1906.424 1906.424 1906.424 1906.424 1906.424 1906.424 1453.526 425.4374 363.0992 363.0992 363.0992 363.0992 363.0992 363.0992 363.0992 363.3743 486.6145 546.9155 546.9155 546.9155 546.9155 546.9155 546.9155 546.9155 606.2294 546.9155 546.9155 546.9155 546.9155 721.7997 1031.112 1031.112 1031.112 1031.112 1031.112 1042.029 1564 1793.784
0 0 0 0 0 0 0 0 0 0 0 0 0 0 0 0 0 0 0 0 0 0 0 0 0 0 0 0 21.1871 240.1124 452.8259 554.9277 1674.503 1907.189 1907.189 1907.189 1907.189 1907.189 1907.189 1907.189 1907.189 1907.189 1907.189 1846.516 1295.597 363.2448 363.2448 363.2448 363.2448 363.2448 363.2448 363.2448 363.2448 472.2522 547.1349 547.1349 547.1349 547.1349 547.1349 547.1349 547.1349 547.1349 547.1349 547.1349 547.1349 547.1349 547.1349 717.8519 1031.526 1031.526 1031.526 1031.526 1031.526 1069.58 1192.606 1787.78
0 0 0 0 0 0 0 0 0 0 0 0 0 0 0 0 0 0 0 0 0 0 0 0 0 0 36.36845 198.7116 421.0791 468.6158 468.6158 468.6158 1074.249 1907.952 1750.537 1907.952 1907.952 1907.952 1907.952 1907.952 1907.952 1907.952 1907.952 1162.93 363.3901 363.3901 363.3901 363.3901 363.3901 363.3901 363.3901 363.3901 377.0888 547.3504 547.3538 547.3538 547.3538 547.3538 547.3538 547.3538 547.3538 547.3538 547.3538 547.3538 547.3538 547.3538 656.0333 976.2856 1031.938 1050.002 1085.462 1100.747 1089.891 1118.56 1121.719 1328.059
0 0 0 0 0 0 0 0 0 0 0 0 0 0 0 0 0 0 0 0 0 0 0 0 0.5243423 253.815 461.8216 468.8031 468.8031 468.8031 468.8031 468.8031 471.1512 840.3251 611.5156 1113.377 1722.134 1908.715 1908.715 1908.715 1908.715 1614.679 1031.984 697.9436 363.5354 363.5354 363.5354 363.5354 363.5354 363.5354 379.9944 469.7642 463.7438 547.5726 547.5726 547.5726 547.5726 547.5726 547.5726 547.5726 547.5726 547.5726 547.5726 547.5726 547.5726 547.5726 689.4478 691.1174 863.7526 1116.992 1122.167 1122.167 1122.167 1122.167 1122.167 1122.167
0 0 0 0 0 0 0 0 0 0 0 0 0 0 0 0 0 0 0 0 0 0 0 0 241.3263 468.9902 468.9902 468.9902 468.9902 468.9902 468.9902 468.9902 468.9902 468.9902 468.9902 443.3915 412.6001 891.1216 831.2269 1453.838 873.2164 366.0281 363.6805 363.6805 363.6805 363.6805 363.6805 363.6805 363.6805 363.6805 426.9815 547.7911 547.7911 547.7911 547.7911 547.7911 547.7911 547.7911 547.7911 547.7911 547.7911 547.7911 547.7911 547.7911 547.7911 547.7911 547.7911 570.6646 768.736 1046.474 1122.615 1122.615 1122.615 1122.615 1122.615 1122.615
0 0 0 0 0 0 0 0 0 0 0 0 0 0 0 0 0 0 0 0 0 0 0 170.41 469.1068 469.1771 469.1771 469.1771 469.1771 469.1771 469.1771 469.1771 469.1771 469.1771 469.1771 465.3081 364.8959 363.8254 363.8254 363.8254 363.8254 363.8254 363.8254 363.8254 363.8254 363.8254 363.8254 363.8254 363.8254 423.2634 547.7538 548.0094 548.0094 548.0094 548.0094 548.0094 548.0094 548.0094 548.0094 548.0094 548.0094 548.0094 548.0094 548.0094 548.0094 548.0094 594.7772 730.7778 833.0964 1060.733 1123.063 1123.063 1123.063 1123.063 1123.063 1123.063
0 0 0 0 0 0 0 0 0 0 0 0 0 0 0 0 0 0 0 0 0 0 5.888811 423.8539 469.3637 469.3637 469.3637 469.3637 469.3637 469.3637 469.3637 469.3637 469.3637 469.3637 469.3637 469.3637 392.0907 363.9701 363.9701 363.9701 363.9701 363.9701 363.9701 363.9701 363.9701 363.9701 363.9701 363.9701 363.9701 445.1025 548.2274 548.2274 548.2274 548.2274 548.2274 548.2274 548.2274 548.2274 548.2274 548.2274 548.2274 548.2274 548.2274 548.2274 548.2274 548.2274 828.8471 1123.509 1123.509 1123.509 1123.509 1123.509 1123.509 1123.509 1123.509 1123.509
0 0 0 0 0 0 0 0 0 0 0 0 0 0 0 0 0 0 0 0 0 0 125.7949 469.5501 469.5501 469.5501 469.5501 469.5501 469.5501 469.5501 469.5501 469.5501 469.5501 469.5501 469.5501 469.5501 347.0918 338.4292 364.1147 364.1147 364.1147 364.1147 364.1147 364.1147 364.1147 364.1147 364.1147 364.1147 364.1147 445.279 548.4451 548.4451 548.4451 548.4451 548.4451 548.4451 548.4451 548.4451 548.4451 548.4451 548.4451 548.4451 548.4451 548.4451 548.4451 548.4451 785.4366 1123.558 1123.955 1123.955 1123.955 1123.955 1123.955 1123.955 1123.955 1123.955
0 0 0 0 0 0 0 0 0 0 0 0 0 0 0 0 0 0 0 0 0 0 290.3546 469.7359 469.7359 469.7359 469.7359 469.7359 469.7359 469.7359 469.7359 469.7359 469.7359 469.7359 469.7359 418.7556 294.7639 294.8433 329.7116 364.1966 364.2588 364.2588 364.2588 364.2588 364.2588 364.2588 364.2588 364.2588 364.2588 444.6576 548.6622 548.6622 548.6622 548.6622 548.6622 548.6622 548.6622 548.6622 548.6622 548.6622 548.6622 548.6622 548.6622 548.6622 548.6622 548.6622 693.6115 1082.169 1124.4 1124.4 1124.4 1124.4 1124.4 1124.4 1124.4 1124.4
0 0 0 0 0 0 0 0 0 0 0 0 0 0 0 0 0 0 0 0 0 13.77067 439.8286 469.9218 469.9218 469.9218 469.9218 469.9218 469.9218 469.9218 469.9218 469.9218 469.9218 446.1697 351.0574 295.446 294.8598 294.8598 294.8598 323.9663 363.799 364.4029 364.4029 364.4029 364.4029 364.4029 364.4029 364.4029 364.4029 415.4405 542.6534 548.8793 548.8793 548.8793 548.8793 548.8793 548.8793 548.8793 548.8793 548.8793 548.8793 548.8793 548.8793 548.8793 548.8793 548.8793 786.5988 1124.845 1124.845 1124.845 1124.845 1124.845 1124.845 1124.845 1124.845 1124.845
0 0 0 0 0 0 0 0 0 0 0 0 0 0 0 0 0 0 0 0 0 144.4441 470.1074 470.1074 470.1074 470.1074 470.1074 470.1074 470.1074 470.1074 470.1074 470.1074 447.145 306.0016 294.9763 294.9763 294.9763 294.9763 294.9763 294.9763 318.1829 351.725 363.847 364.5468 364.5468 364.5468 364.5468 364.5468 364.5468 364.5468 411.2898 549.0961 549.0961 549.0961 549.0961 549.0961 549.0961 549.0961 549.0961 549.0961 549.0961 549.0961 549.0961 549.0961 549.0961 557.298 1021.319 1125.29 1125.29 1125.29 1125.29 1125.29 1125.29 1125.29 1125.29 1125.29
0 0 0 0 0 0 0 0 0 0 0 0 0 0 0 0 0 0 0 0 0 312.1829 470.2928 470.2928 470.2928 470.2928 470.2928 470.2928 470.2928 470.2928 470.2928 470.2928 377.9573 295.0926 295.0926 295.0926 295.0926 295.0926 295.0926 295.0926 295.0926 295.0926 349.0304 364.6906 364.6906 364.6906 364.6906 363.7045 333.5471 340.1077 512.761 549.3126 549.3126 549.3126 549.3126 549.3126 549.3126 549.3126 549.3126 549.3126 549.3126 549.3126 549.3126 549.3126 549.3126 552.1028 1125.022 1125.733 1125.733 1125.733 1125.733 1125.733 1125.733 1125.733 1125.733 1125.733
0 0 0 0 0 0 0 0 0 0 0 0 0 0 0 0 0 0 0 0 42.39623 454.36 470.4779 470.4779 470.4779 470.4779 470.4779 470.4779 470.4779 470.4779 470.4779 470.4779 331.758 295.2087 295.2087 295.2087 295.2087 295.2087 295.2087 295.2087 295.2087 295.2087 299.5447 318.954 352.6312 364.8341 364.8341 336.272 295.2087 295.2087 428.4008 549.5288 549.5288 549.5288 549.5288 549.5288 549.5288 549.5288 549.5288 549.5288 549.5288 549.5288 549.5288 549.5288 549.5288 803.628 1125.297 1126.176 1126.176 1126.176 1126.176 1126.176 1126.176 1126.176 1126.176 1126.176
0 0 0 0 0 0 0 0 0 0 0 0 0 0 0 0 0 0 0 19.97831 281.9831 413.138 433.0316 465.5134 470.6628 470.6628 470.6628 470.6628 470.6628 470.6628 470.6628 464.0254 312.3919 295.3248 295.3248 295.3248 295.3248 295.3248 295.3248 295.3248 295.3248 295.3248 295.3248 295.3248 297.4419 309.7837 309.5663 298.8772 295.3248 295.3248 332.8255 422.7021 873.0418 3153.261 4109.956 1894.766 3066.005 3681.678 2364.873 591.2761 549.7448 549.7448 549.7448 549.7448 583.5328 912.743 1064.814 1109.715 1086.595 972.7151 1082.668 1126.619 1126.619 1126.619 1126.619 1126.619
0 0 0 0 0 0 0 0 0 0 0 0 0 0 0 0 0 0 25.6283 298.733 397.3059 397.3059 397.3059 400.8861 428.2287 452.7121 468.4634 470.8474 470.8474 470.8474 470.8474 448.2641 297.1241 295.4406 295.4406 295.4406 295.4406 295.4406 295.4406 295.4406 295.4406 295.4406 295.4406 295.4406 295.4406 295.4406 295.4406 295.4406 295.4406 295.4406 295.4406 1661.275 4866.933 5170.148 5170.148 5170.148 5170.148 5011.275 2416.532 786.4503 603.9813 549.9604 601.5028 729.4425 835.0711 841.6082 841.6082 868.4777 842.7966 841.6082 971.9449 1064.783 1122.325 1127.061 1127.061 1127.061
0 0 0 0 0 0 0 0 0 0 0 0 0 0 0 0 0 95.32365 347.7379 397.4615 397.4615 397.4615 397.4615 397.4615 397.4615 397.4615 405.8951 451.3031 471.0318 471.0318 401.3067 305.8633 295.5563 295.5563 295.5563 295.5563 295.5563 295.5563 295.5563 295.5563 295.5563 295.5563 295.5563 295.5563 295.5563 295.5563 295.5563 295.5563 295.5563 295.5563 1819.119 5110.163 5172.173 5172.173 5172.173 5172.173 5172.173 2447.781 841.9377 841.9377 840.7531 811.4612 841.6008 841.9377 841.9377 841.9377 841.9377 841.9377 841.9377 841.9377 841.9377 841.9377 883.3138 1094.988 1127.502 1127.502
0 0 0 0 0 0 0 0 0 0 0 0 0 0 0 0.665238 189.3282 392.7198 397.6167 397.6167 397.6167 397.6167 397.6167 397.6167 397.6167 397.6167 397.6167 397.8416 422.7792 418.3241 298.2776 295.6717 295.6717 295.6717 295.6717 295.6717 295.6717 295.6717 295.6717 295.6717 295.6717 295.6717 295.6717 295.6717 295.6717 295.6717 295.6717 295.6717 295.6717 295.6717 3016.606 5174.192 5174.192 5174.192 5174.192 5174.192 5037.553 1890.386 842.2664 842.2664 842.2664 842.2664 842.2664 842.2664 842.2664 842.2664 842.2664 842.2664 842.2664 842.2664 842.2664 842.2664 842.2664 876.8231 1508.038 1512.881
0 0 0 0 0 0 0 0 0 0 0 0 0 0 0 203.5664 397.7718 397.7718 397.7718 397.7718 397.7718 397.7718 397.7718 397.7718 397.7718 397.7718 397.7718 397.7718 397.7718 396.7195 358.4317 295.787 295.787 295.787 295.787 295.787 295.787 295.787 295.787 295.787 295.787 295.787 295.787 295.787 295.787 295.787 295.787 295.787 295.787 450.061 4782.277 5176.211 5176.211 5176.211 5176.211 5176.211 4859.275 1269.793 842.595 842.595 842.595 842.595 842.595 842.595 842.595 842.595 842.595 842.595 842.595 842.595 842.595 842.595 842.595 842.595 2292.18 2535.854
0 0 0 0 0 0 0 0 0 0 0 0 0 0 117.8001 396.0504 397.9268 397.9268 397.9268 397.9268 397.9268 397.9268 397.9268 397.9268 397.9268 397.9268 397.9268 397.9268 397.9268 397.9268 392.1575 335.7609 297.5516 295.9023 295.9023 295.9023 295.9023 295.9023 295.9023 295.9023 295.9023 295.9023 295.9023 295.9023 295.9023 295.9023 295.9023 297.5925 298.3438 296.3159 3838.48 5178.228 5178.228 5178.228 4743.549 3058.991 1882.246 842.9233 842.9233 842.9233 842.9233 842.9233 842.9233 842.9233 842.9233 842.9233 842.9233 842.9233 842.9233 842.9233 842.9233 842.9233 842.9233 842.9233 2387.641 2541.543
0 0 0 0 0 0 0 0 0 0 0 0 0 0 343.8593 398.0815 398.0815 398.0815 398.0815 398.0815 398.0815 398.0815 398.0815 398.0815 398.0815 398.0815 398.0815 398.0815 398.0815 398.0815 398.0815 398.0815 389.5977 373.1384 317.8695 296.0173 296.0173 296.0173 296.0173 296.0173 296.0173 296.0173 296.0173 296.0173 296.0173 296.0173 296.0173 1005.774 4866.417 4453.221 5152.071 5180.241 5180.241 5180.241 4801.416 1292.496 843.251 843.251 843.251 843.251 843.251 843.251 843.251 843.251 843.251 843.251 843.251 843.251 843.251 843.251 843.251 843.251 848.8457 914.3087 2358.017 2542.532
0 0 0 0 0 0 0 0 0 0 0 0 0 20.47589 396.1101 398.236 398.236 398.236 398.236 398.236 398.236 398.236 398.236 398.236 398.236 398.236 398.236 398.236 398.236 398.236 398.236 398.236 398.236 398.236 360.8021 296.878 296.1322 296.1322 340.566 340.4894 350.1466 303.6922 296.1322 296.1322 296.1322 322.1823 2389.317 3912.75 5182.252 5182.252 5182.252 5182.252 5182.252 5182.252 5182.252 4806.044 850.2281 843.5784 843.5784 843.5784 843.5784 843.5784 843.5784 843.5784 843.5784 843.5784 843.5784 843.5784 843.5784 843.5784 843.5784 843.5784 1932.392 2543.519 2543.519 2543.519
0 0 0 0 0 0 0 0 0 0 0 0 0 83.64338 398.3903 398.3903 398.3903 398.3903 398.3903 398.3903 398.3903 398.3903 398.3903 398.3903 398.3903 398.3903 398.3903 398.3903 398.3903 398.3903 398.3903 398.3903 398.3903 398.3903 398.3903 330.1818 342.7166 346.0565 390.9518 398.3903 398.3903 317.9484 314.8695 355.1257 3269.023 4864.135 5135.322 5184.26 5184.26 5184.26 5184.26 5184.26 5184.26 5184.26 5184.26 5133.2 2079.856 843.9053 843.9053 843.9053 843.9053 843.9053 843.9053 843.9053 843.9053 843.9053 843.9053 843.9053 843.9053 843.9053 843.9053 843.9053 2020.674 2544.504 2544.504 2544.504
0 0 0 0 0 0 0 0 0 0 0 0 0 146.6313 398.5444 398.5444 398.5444 398.5444 398.5444 398.5444 398.5444 398.5444 398.5444 398.5444 398.5444 398.5444 398.5444 398.5444 398.5444 398.5444 398.5444 398.5444 398.5444 398.5444 398.5444 398.5444 398.5444 398.5444 398.5444 398.5444 398.5444 363.7491 392.4859 398.5444 3869.733 5186.265 5186.265 5186.265 5186.265 5186.265 5186.265 5186.265 5186.265 5186.265 5186.265 5186.265 3244.826 852.3885 865.7364 844.2317 844.2317 844.2317 844.2317 844.2317 844.2317 844.2317 844.2317 844.2317 844.2317 844.2317 844.2317 1103.434 2135.254 2238.553 2395.206 2545.334
0 0 0 0 0 0 0 0 0 0 27.97159 148.5894 265.3041 350.3859 395.6319 391.3525 389.7958 390.3114 398.6983 398.6983 398.6983 398.6983 398.6983 398.6983 398.6983 398.6983 398.6983 398.6983 398.6983 398.6983 398.6983 398.6983 398.6983 398.6983 398.6983 398.6983 398.6983 398.6983 398.6983 398.6983 398.6983 398.6983 398.6983 1573.781 5048.301 5188.268 5188.268 5188.268 5188.268 5188.268 5188.268 5188.268 5188.268 5188.268 5186.318 3693.524 1545.603 1126.268 1071.721 887.0026 844.5577 844.5577 844.5577 844.5577 844.5577 844.5577 844.5577 844.5577 844.5577 844.5577 844.5577 1188.003 2138.203 2138.203 2138.203 2199.133
0 0 0 0 0 7.279691 31.33631 65.75461 124.4575 250.8248 348.1371 355.4821 355.4821 355.4821 361.1315 356.5994 355.4821 356.9604 384.9898 398.3456 398.8518 398.8518 398.8518 398.8518 398.8518 398.8518 398.8518 398.8518 398.8518 398.8518 398.8518 398.8518 398.8518 398.8518 398.8518 398.8518 398.8518 398.8518 398.8518 398.8518 398.8518 398.8518 398.8518 2339.477 5190.265 5190.265 5190.265 5190.265 5190.265 5190.265 5190.265 5190.265 4758.877 2137.433 1772.021 1153.616 1153.616 1153.616 1153.616 1061.369 847.4096 844.8828 844.8828 844.8828 844.8828 844.8828 844.8828 844.8828 844.8828 844.8828 967.7283 1793.04 2139.026 2139.026 2139.026 2139.026
92.91828 266.463 315.0206 331.2342 347.2791 355.6101 355.6189 355.6189 355.6189 355.6189 355.6189 355.6189 355.6189 355.6189 355.6189 355.6189 355.6189 355.6189 355.6189 373.3356 399.0053 399.0053 399.0053 399.0053 399.0053 399.0053 399.0053 399.0053 399.0053 399.0053 399.0053 399.0053 399.0053 399.0053 399.0053 399.0053 399.0053 399.0053 399.0053 399.0053 399.0053 399.0053 622.1937 4567.602 5192.262 5192.262 5192.262 5192.256 4082.455 1681.848 2527.889 2718.473 2925.981 1394.661 1154.059 1154.059 1154.059 1154.059 1154.059 1154.059 890.9299 845.2079 845.2079 845.2079 845.2079 845.2079 845.2079 845.2079 845.2079 845.2079 1325.429 2074.613 2139.85 2139.85 2139.85 2139.85
119.3358 300.0271 355.7555 355.7555 355.7555 355.7555 355.7555 355.7555 355.7555 355.7555 355.7555 355.7555 355.7555 355.7555 355.7555 355.7555 355.7555 355.7555 355.7555 373.8953 399.1585 399.1585 399.1585 399.1585 399.1585 399.1585 399.1585 399.1585 399.1585 399.1585 399.1585 399.1585 399.1585 399.1585 399.1585 399.1585 399.1585 399.1585 399.1585 399.1585 399.1585 399.1585 560.9493 2576.469 3041.007 1839.458 3814.509 1758.922 1154.503 1154.503 1154.503 1154.503 1154.503 1154.503 1154.503 1154.503 1154.503 1154.503 1154.503 1154.503 910.2135 845.5325 845.5325 845.5325 845.5325 845.5325 845.5325 845.5325 845.5325 845.5325 845.5325 1914.56 2140.671 2140.671 2140.671 2140.671
119.3816 183.482 355.8919 355.8919 355.8919 355.8919 355.8919 355.8919 355.8919 355.8919 355.8919 355.8919 355.8919 355.8919 355.8919 355.8919 355.8919 355.8919 356.7411 382.6305 399.3116 399.3116 399.3116 399.3116 399.3116 399.3116 399.3116 399.3116 399.3116 399.3116 399.3116 399.3116 399.3116 399.3116 399.3116 399.3116 399.3116 399.3116 399.3116 399.3116 399.3116 475.7549 992.7258 1154.945 1154.945 1154.945 1154.945 1154.945 1154.945 1154.945 1154.945 1154.945 1154.945 1154.945 1154.945 1154.945 1154.945 1154.945 1154.945 1154.945 1400.833 937.3495 845.8568 845.8568 845.8719 1392.57 1150.649 845.8568 845.8568 902.2519 1156.347 2024.146 2141.492 2141.492 2141.492 2141.492
119.4273 122.2301 221.5073 356.0281 356.0281 356.0281 356.0281 356.0281 356.0281 356.0281 356.0281 356.0281 356.0281 356.0281 356.0281 356.0281 356.0281 356.0281 378.7256 399.4644 399.4644 399.4644 399.4629 395.8351 399.4644 399.4644 399.4644 399.4644 399.4644 399.4644 399.4644 399.4644 399.4644 399.4644 399.4644 399.4644 399.4644 399.4644 399.4644 399.4644 399.4644 667.3384 1155.388 1155.388 1155.388 1155.388 1155.388 1155.388 1155.388 1155.388 1155.388 1155.388 1155.388 1155.388 1155.388 1155.388 1155.388 1155.388 1155.388 1155.388 1743.151 1892.877 1543.166 1779.589 2018.75 2142.312 1804.751 846.1805 1184.59 1969.712 2142.312 2142.312 2142.312 2142.312 2142.312 2142.312
119.4729 119.4729 139.4594 356.1642 356.1642 356.1642 356.1642 356.1642 356.1642 356.1642 356.1642 356.1642 356.1642 356.1642 356.1642 356.1642 356.1642 356.1642 357.0424 360.0582 383.6461 399.2058 377.9619 360.3267 394.5284 399.6171 399.6171 399.6171 399.6171 399.6171 399.6171 399.6171 399.6171 399.6171 399.6171 399.6171 399.6171 399.6171 399.6171 399.6171 399.6171 686.5245 1155.829 1155.829 1155.829 1155.829 1155.829 1155.829 1155.829 1155.829 1155.829 1155.829 1155.829 1155.829 1155.829 1155.829 1155.829 1155.829 1155.829 1155.858 1625.255 2143.131 2143.131 2143.131 2143.131 2143.131 1884.428 1649 2123.904 2143.131 2143.131 2143.131 2156.444 2336.623 2407.338 2364.346
