indp90ag.asc
ncols         816
nrows         816
xllcorner     65
yllcorner     5
cellsize      0.0416666666667
NODATA_value  -9999
[rows 408 to 441 of 816, columns 456 to 531 of 816]
2345.274 4524.014 4934.132 5199.069 4984.997 4559.676 5090.956 5469.54 5479.419 3206.151 2254.25 2254.25 1758.37 1512.049 1512.049 1512.049 1512.049 1512.049 1512.049 1512.049 1512.049 1512.049 1512.049 1512.049 1512.049 1512.049 1512.049 1512.049 1512.049 2549.664 3883.257 3862.143 3923.877 3923.877 3923.877 3923.877 3923.877 4279.434 5358.913 5358.913 5020.835 4365.149 3719.605 3372.149 3290.468 3185.592 3510.642 2628.142 2086.357 2086.357 2086.357 2086.357 2086.357 2086.357 2342.417 2810.344 3364.737 3489.805 3489.805 3489.805 3489.805 3489.805 3489.805 3489.805 3489.805 3489.805 3489.805 3489.805 3489.805 3774.878 4164.53 3784.676 4446.482 4463.589 4463.589 4937.557
2091.081 4796.884 5247.07 5507.576 5507.576 5492.696 5507.576 5507.576 5502.147 2417.196 2254.912 2254.912 1838.451 1512.493 1512.493 1512.493 1512.493 1512.493 1512.493 1512.493 1512.493 1512.493 1512.493 1512.493 1512.493 1512.493 1512.493 1512.493 1512.493 1512.493 1513.622 1618.131 2913.404 3925.031 3925.031 3925.031 3925.031 4488.177 5360.487 5360.487 5360.487 5343.179 4399.455 3814.853 3761.847 2902.967 2099.521 2086.97 2086.97 2086.97 2086.97 2086.97 2086.97 2086.97 2086.97 2184.364 3143.194 3490.831 3490.831 3490.831 3490.831 3490.831 3490.831 3490.831 3490.831 3490.831 3854.788 3780.176 3490.831 5732.042 6451.031 5041.082 4464.901 4470.346 5712.597 9441.373
4379.452 5509.191 5509.191 5509.191 5509.191 5509.191 5509.191 5509.191 4836.362 2255.574 2255.574 2210.688 1665.614 1512.937 1512.937 1512.937 1512.937 1512.937 1512.937 1512.937 1512.937 1512.937 1512.937 1512.937 1512.937 1512.937 1512.937 1512.937 1512.937 1512.937 1512.937 1512.937 2303.788 3926.182 3926.182 3926.182 3926.182 4366.053 5362.06 5362.06 5362.06 5362.06 4416.609 2092.982 2087.582 2087.582 2087.582 2087.582 2087.582 2087.582 2087.582 2087.582 2087.582 2233.684 2134.343 2143.583 3262.341 3491.855 3491.855 3491.855 3491.855 3491.855 3491.855 3770.774 4823.555 5514.972 6254.401 5937.392 4399.122 6147.368 6618.803 6358.512 4958.839 4797.448 11094.26 11129.81
5510.804 5510.804 5510.804 5510.804 5510.804 5510.804 5510.804 5510.804 3255.29 2256.234 2256.234 2256.234 2035.684 1513.38 1513.38 1513.38 1513.38 1513.38 1513.38 1513.38 1513.38 1513.38 1513.38 1513.38 1513.38 1513.38 1513.38 1513.38 1513.38 1513.38 1513.38 1513.38 3197.995 3927.331 3927.331 3927.331 4107.346 5192.292 5363.629 5363.629 5363.629 5363.629 5076.779 2090.113 2088.193 2088.193 2088.193 2088.193 2088.193 2088.193 2088.193 2088.193 2088.193 2313.74 2765.394 2215.812 2792.88 3492.877 3492.877 3492.877 3492.877 3551.662 4287.568 5695.796 6552.466 6328.7 6325.74 6292.368 6285.01 6370.539 6585.98 6620.736 6620.741 6532.583 9399.285 11069.9
5512.411 5512.411 5512.411 5512.411 5512.411 5512.411 5512.411 5283.636 2560.959 2256.892 2256.892 2256.892 1934.649 1513.821 1513.821 1513.821 1513.821 1513.821 1513.821 1513.821 1513.821 1513.821 1513.821 1513.821 1513.821 1513.821 1513.821 1513.821 1483.829 1416.117 1376.154 1456.872 2197.847 3928.477 3928.477 3928.477 4334.508 5161.948 5161.819 5211.072 5342.678 4424.81 3880.437 2316.526 2101.56 2088.802 2088.802 2088.802 2088.802 2088.802 2088.802 2088.802 2088.802 2088.802 3215.95 3363.994 3493.896 3493.896 3493.896 3493.896 3550.395 4494.288 5359.727 5686.674 6567.111 6519.49 6550.489 6330.004 6286.843 6286.843 6298.385 6598.082 6622.671 6635.042 6710.529 8376.291
5313.539 5303.559 4953.821 4769.704 5509.852 5514.018 5481.016 3392.608 2257.55 2257.55 2257.55 2257.55 2227.469 1694.406 1515.05 1514.311 1514.263 1514.263 1514.263 1514.263 1514.263 1514.263 1514.263 1514.263 1514.263 1514.263 1514.263 1514.263 1417.476 1194.091 1194.091 1194.091 1322.724 2987.052 2963.084 3891.908 4861.803 5072.708 5072.708 5084.551 4870.277 3157.633 3157.633 3604.475 3096.587 2852.612 2089.411 2089.411 2089.411 2089.411 2089.411 2089.411 2089.411 2089.411 3300.462 3494.915 3494.915 3494.915 3494.915 3497.501 4091.159 4780.71 4780.71 4782.309 5691.872 6535.544 6569.025 6482.556 6288.676 6288.676 6492.649 6627.824 6698.283 6879.5 8472.462 9673.611
3494.515 3670.84 3603.052 3603.052 4105.785 4053.757 2811.004 2258.207 2258.207 2258.207 2258.207 2258.207 2227.354 2046.95 1717.275 1616.715 1554.82 1514.703 1514.703 1514.703 1514.703 1514.703 1514.703 1514.703 1514.703 1514.703 1514.703 1514.703 1448.673 1194.439 1194.439 1194.439 1194.439 1194.439 1194.439 3740.697 5074.185 5074.185 5074.185 4170.389 3159.669 3158.552 3164.349 4679.859 4979.123 4881.139 3329.3 3418.821 2275.996 2090.019 2090.019 2090.019 2090.019 2090.019 2201.731 3013.401 3495.931 3495.931 3495.931 3495.931 4253.737 4782.101 4782.101 4782.101 4782.101 6513.595 6570.937 6567.936 6411.508 6290.506 6301.299 6491.035 7576.87 8194.39 9142.014 9142.014
2334.923 3581.415 3604.098 3604.098 3604.098 3465.283 2484.865 2258.863 2258.863 2258.863 2258.863 2144.259 1922.963 1634.963 1634.963 1634.963 1614.564 1551.934 1515.143 1515.143 1515.143 1515.143 1515.143 1515.143 1515.143 1515.143 1515.143 1515.143 1336.686 1219.297 1194.786 1194.786 1194.786 1194.786 2372.138 5066.289 5075.658 5075.658 5075.658 5031.104 4335.209 3185.449 3159.469 3662.968 4961.369 5037.288 5048.651 5075.658 4450.393 2934.986 2090.626 2090.626 2090.626 2090.626 2090.626 2093.627 3042.24 3588.327 3831.066 3688.85 4773.942 4783.49 4783.49 4783.49 4783.49 5078.801 6332.284 6481.741 6327.443 6292.333 6292.333 7223.194 8196.246 9144.668 9144.668 9144.668
3369.973 3605.141 3605.141 3605.141 3540.111 2397.34 2259.516 2259.516 2259.516 2259.516 2259.516 2239.635 1684.363 1635.436 1635.436 1635.436 1635.436 1634.714 1536.717 1554.437 1555.535 1572.52 1588.495 1607.544 1526.472 1515.581 1515.581 1531.888 1663.569 1654.702 1276.659 1195.131 1195.131 1195.131 2984.297 5077.126 5077.126 5077.126 5077.126 5077.126 5077.126 4970.186 4296.756 4087.383 3399.651 3316.779 4248.183 5077.126 5077.126 3756.673 2091.231 2091.231 2091.231 2091.231 2091.231 2091.231 3148.59 4634.234 4784.834 4570.913 4784.874 4784.874 4784.874 4784.874 4784.874 4784.874 4958.078 6160.757 6970.768 6296.476 6294.153 7692.703 9147.313 9147.313 9147.313 9432.919
1344.804 3605.978 3606.182 3606.182 2648.987 2260.168 2260.168 2260.168 2260.168 2260.168 2260.168 2260.168 1849.042 1635.908 1635.908 1635.908 1635.908 1635.908 1613.109 1635.537 1635.908 1635.908 1635.908 1635.908 1549.865 1519.095 1516.019 1620.316 1707.966 1707.966 1582.04 1195.476 1195.476 1195.476 1566.237 4037.783 5078.592 5078.592 5078.592 5078.592 5078.592 4983.392 2931.17 4254.673 2783.649 3161.295 3607.053 4521.152 4965.998 2631.783 2091.835 2091.835 2091.835 2091.835 2091.835 2091.835 2879.456 4786.255 4786.255 4786.255 4786.255 4786.255 4786.233 4784.559 4781.94 4781.266 8432.328 9727.801 10221.93 8370.505 7424.313 8256.086 9149.955 9149.955 9228.796 10245.38
3582.23 3607.223 3607.223 3607.223 3527.989 2321.137 2260.821 2260.821 2260.821 2260.821 2260.821 2260.821 1899.75 1636.38 1636.38 1636.38 1636.38 1636.38 1636.38 1636.38 1636.38 1636.38 1636.38 1636.38 1625.815 1632.336 1625.335 1647.445 1702.734 1708.459 1663.34 1197.234 1195.821 1195.821 1195.821 2140.112 4820.171 4848.479 4860.625 4125.781 3299.793 3060.235 2204.217 2204.217 2386.496 3132.218 3162.208 3144.169 2562.526 2092.438 2092.438 2092.438 2092.438 2092.438 2092.438 2092.438 2875.615 4787.636 4787.636 4787.636 4787.636 4787.636 4784.416 4780.026 4780.026 4780.026 5792.391 10643.06 10643.06 10643.06 10643.06 10415.13 9686.053 9152.596 9658.575 10638.42
3999.197 3849.357 3608.26 3564.911 3185.872 2611.55 2261.471 2261.471 2261.471 2261.471 2257.26 2121.422 1690.719 1636.851 1636.851 1636.851 1636.851 1636.851 1636.851 1636.851 1636.851 1636.851 1636.851 1636.851 1636.851 1636.851 1636.851 1637.063 1695.614 1708.95 1708.95 1454.112 1196.165 1196.165 1196.165 1196.165 1902.933 2204.851 2204.851 2204.851 2204.851 2204.851 2204.851 2204.851 2204.851 2653.809 3163.117 3117.9 2283.025 2093.04 2093.04 2093.04 2093.04 2093.04 2093.04 2093.04 3216.736 4789.013 4789.013 4789.013 4789.013 4785.75 4782.384 4781.401 4781.401 4781.401 6437.829 10594.39 10646.12 10646.12 10646.12 10646.12 10508.09 9389.324 8539.964 4752.253
5465.066 4658.005 3855.549 3160.185 2580.321 2314.583 2262.121 2262.121 2262.121 2249.201 1816.48 1637.478 1637.321 1637.321 1637.321 1637.321 1637.321 1637.321 1637.321 1637.321 1637.321 1637.321 1637.321 1637.321 1637.321 1637.321 1637.321 1682.604 1709.441 1709.441 1709.441 1616.86 1196.509 1196.509 1196.509 1196.509 1434.89 2205.484 2205.484 2205.484 2205.484 2205.484 2205.484 2205.484 2205.484 2265.911 2775.238 3123 5185.596 7002.589 4406.472 2113.873 2093.642 2093.642 2099.668 3606.529 4696.103 4790.39 4790.39 4790.39 4788.28 4782.775 4782.775 4782.775 4782.775 4782.775 6345.143 10643.67 10649.18 10649.18 10649.18 10649.18 10649.18 8207.218 1071.318 0
5466.631 5466.631 5466.631 5428.361 2733.874 2262.769 2262.769 2262.769 2228.624 1714.35 1637.79 1637.79 1637.79 1637.79 1637.79 1637.79 1637.79 1637.79 1637.79 1637.79 1637.79 1637.79 1637.79 1655.531 1676.406 1692.473 1695.062 1709.721 1709.931 1709.931 1685.321 1271.402 1196.852 1196.852 1196.852 1196.852 1202.582 1529.654 2160.32 2206.116 2206.116 2206.116 2206.116 2206.116 2206.116 2206.116 2206.116 2324.667 4698.407 7513.668 7428.073 2638.079 2094.241 2094.241 2279.311 4791.761 4791.761 4791.761 4791.761 4790.793 4784.912 4784.145 4784.145 4784.145 4784.145 5025.423 6488.145 10430.08 10652.23 10652.23 10652.23 10646.29 6245.036 387.0513 0 0
5468.194 5468.194 5468.194 5468.194 5136.409 3682.742 3945.079 2263.415 2161.293 1638.258 1638.258 1638.258 1638.258 1638.258 1638.258 1638.258 1638.258 1638.258 1638.258 1638.258 1638.258 1638.258 1638.258 1687.017 1710.419 1710.419 1710.419 1710.419 1710.419 1710.419 1710.419 1488.978 1197.194 1197.194 1197.194 1197.194 1197.194 1197.194 1371.613 2035.994 2206.747 2206.747 2206.747 2206.747 2206.747 2206.747 2206.747 2206.747 5801.12 7515.816 6138.64 2094.84 2094.84 2094.84 2561.866 4605.555 4793.131 4793.131 4791.245 4786.075 4785.512 4785.512 5426.016 6045.675 4785.512 6419.014 8458.444 9653.719 10655.27 10655.27 10655.25 4630.272 0 0 0 0
5469.753 5469.753 5469.753 5469.753 5469.753 5469.753 4576.787 1899.062 1572.331 1480.185 1366.546 1446.139 1638.726 1638.726 1638.726 1638.726 1638.726 1638.726 1638.726 1638.726 1638.726 1638.726 1638.726 1681.568 1710.907 1710.907 1710.907 1710.907 1710.907 1710.907 1710.907 1514.694 1197.535 1197.535 1197.535 1197.535 1197.535 1197.535 1197.535 1511.719 2207.376 2207.376 2207.376 2207.376 2207.376 2207.376 2207.376 2454.2 7321.75 6877.87 2621.527 2095.438 2095.438 3384.444 5508.958 5278.684 4848.537 4792.303 4787.706 4796.571 5028.954 5290.997 8254.543 8368.988 5593.482 7532.852 8584.038 9068.979 10453.61 10658.31 5352.839 0 0 0 0 0
5471.31 5471.31 5471.31 5471.31 5471.31 5471.31 3487.005 1300.401 1015.865 1015.865 1015.865 1112.748 1167.209 1504.868 1639.192 1639.192 1639.192 1639.192 1639.192 1639.192 1639.192 1639.192 1639.192 1759.328 2070.214 1711.394 1711.394 1711.394 1711.394 1711.394 1610.111 1321.258 1197.876 1197.876 1197.876 1197.876 1197.876 1197.876 1197.876 1319.959 2195.276 2208.004 2208.004 2208.004 2208.004 2208.004 2208.004 3097.355 7520.1 6745.418 2161.5 2096.034 2097.972 5367 5514.723 5541.363 6368.533 7586.834 6360.832 7420.286 8553.525 8183.889 8586.481 8586.481 8113.125 8564.183 8586.481 8586.481 9507.608 6445.967 6.666465 0 0 0 0 0
5472.864 5472.864 5472.864 5472.864 5472.846 4582.18 1185.742 1016.154 1016.154 1016.154 1016.154 1016.154 1016.154 1359.391 1637.774 1325.156 1142.007 1474.405 1639.658 1639.658 1639.658 3444.438 4632.159 4898.245 4987.867 3546.779 2825.561 1711.88 1711.88 1711.88 1301.03 1198.216 1198.216 1198.216 1198.216 1198.216 1198.216 1198.216 1198.216 1198.216 1965.124 2208.631 2208.631 2208.631 2208.631 2208.631 2208.631 2209.597 6326.087 7522.235 5637.465 4346.618 3320.158 5516.29 5516.29 5632.742 8251.638 8588.92 8586.889 8588.92 8588.92 8588.92 8588.92 8588.92 8588.92 8588.92 8588.92 8588.92 7496.247 519.1853 0 0 0 0 0 0
5474.416 5474.416 5474.416 5474.416 5086.933 1016.442 1016.442 1016.442 1016.442 1016.442 1016.442 1016.442 1016.442 1261.376 1216.46 1016.442 1016.442 1042.041 1598.031 1640.122 1640.122 3468.312 5000.479 5000.479 5000.479 5000.479 4959.237 3884.424 3040.22 2562.186 1694.654 1691.463 1385.473 1198.556 1198.556 1198.556 1198.556 1198.556 1198.556 1198.556 1522.053 2184.676 2209.257 2209.257 2209.257 2209.257 2209.257 3506.059 7422.028 7524.368 7524.368 7378.462 5512.005 5517.854 5517.854 5632.344 8108.934 8588.468 8747.742 8686.944 8745.05 8770.738 8714.972 8663.381 8598.96 8591.355 8566.855 8577.543 3458.233 0 0 0 0 0 0 0
5475.964 5475.964 5475.964 5475.964 4307.299 1016.729 1016.729 1016.729 1016.729 1016.729 1016.729 1016.729 1016.729 1016.729 1016.729 1016.729 1023.437 1533.09 1640.586 1640.586 1640.586 1867.458 4262.626 5001.894 5001.894 5001.894 5001.894 5001.894 5001.894 4169.088 1712.85 2168.219 2017.691 1341.691 1198.895 1198.895 1198.895 1198.895 1198.895 1302.575 1443.598 1777.272 2209.882 2209.882 2209.882 2209.882 2209.882 5531.886 7526.496 7526.496 7526.496 7427.087 5552.365 5519.414 5646.036 6358.493 8552.568 8560.186 8879.252 8945.949 8945.949 8945.949 8945.949 8933.17 8796.717 8584.21 8529.017 7658.162 116.7766 0 0 0 0 0 0 0
5232.522 3726.08 2840.17 2865.315 1620.918 1017.016 1017.016 1017.016 1017.016 1017.016 1017.016 1017.016 1017.016 1017.016 1017.016 1017.068 1080.877 1791.587 1671.873 2064.457 2031.965 2005.69 2594.396 4963.185 5003.304 5003.304 5003.304 5003.304 5003.304 4708.875 3333.167 3320.639 3283.468 2952.542 2090.122 1199.233 1511.558 1967.018 2166.594 3245.858 3979.198 3412.41 2210.505 2210.505 2210.505 2210.505 2390.294 6845.429 6950.349 6459.558 7012.027 7223.629 5539.355 5548.939 8103.783 8548.741 8554.979 9584.709 12134.8 10771.09 11787.22 10440.34 8948.471 8782.383 8528.291 8528.291 8528.291 6953.069 0 0 0 0 0 0 0 0
1158.149 1017.303 1017.303 1017.303 1017.303 1017.303 1017.303 1017.303 1017.303 1017.303 1017.303 1017.303 1017.303 1017.303 1017.303 1140.888 2271.965 2282.043 2232.287 2275.517 2282.043 2282.043 2341.087 4298.873 5004.713 5004.713 5004.713 5004.713 4980.524 4862.518 3980.951 3426.842 3426.842 3426.842 3398.414 1742.882 2947.163 3426.842 3426.842 4317.07 5889.74 5735.295 3675.736 2856.541 2509.074 2533.606 5389.136 5889.74 5889.74 6744.494 7526.012 6917.345 5522.525 5522.525 6397.034 8557.389 8557.389 12178.82 14320.49 14320.49 14320.49 13940.65 10612.35 8820.709 8530.693 8530.693 8530.693 8407.934 722.2637 0 0 0 0 0 0 0
1239.61 1017.589 1017.589 1017.589 1017.589 1017.589 1017.589 1017.589 1017.589 1017.589 1017.589 1251.035 1528.583 1052.676 1292.021 1467.527 2107 2239.427 2143.448 2282.685 2282.685 2282.685 2282.685 2581.214 4571.571 5006.12 5006.12 5006.12 4583.712 3535.649 3526.094 3440.6 3427.806 3427.806 3427.806 3427.806 3427.806 3427.806 3427.806 3512.167 5067.208 5891.396 5891.396 5891.396 5891.339 5891.396 5891.396 5891.396 5898.974 7413.955 7339.345 6490.438 5666.914 5569.568 5586.543 8179.756 8559.795 9595.311 14202.82 14324.51 14324.51 14223.76 13896.46 10531.89 8533.092 8533.092 8533.092 8533.092 3827.504 0 0 0 0 0 0 0
2828.243 2406.192 1722.782 1101.138 1017.874 1017.874 1017.874 1017.874 1017.874 1017.874 1415.813 1915.024 1916.919 1896.54 1916.919 1916.919 1916.919 1917.47 1998.046 2278.984 2283.324 2283.324 2283.324 2283.324 4334.226 5007.522 5007.522 5007.522 4969.868 4218.32 3575.278 3528.713 3453.354 3428.766 3428.766 3428.934 3428.766 3428.766 3428.766 3428.766 4445.679 5893.046 5893.046 5893.046 5893.046 5893.046 5893.046 5893.046 5893.046 6408.002 6282.348 5893.046 5893.046 5883.515 6662.549 9582.83 8774.87 8562.192 12500.03 14278.93 14328.52 12888.32 8615.299 8905.642 8356.897 8446.861 8535.438 8535.481 7481.292 311.9294 0 0 0 0 0 0
3085.679 3085.679 3085.679 1690.959 1018.159 1018.159 1018.159 1018.159 1018.159 1209.76 1874.664 1917.456 1917.456 1917.456 1917.456 1917.456 1917.456 1917.456 1917.456 2118.779 2283.963 2283.963 2283.963 2283.963 3510.729 5008.924 5008.924 5008.924 5008.924 5008.924 4560.708 3537.63 3532.853 3489.288 3481.418 3517.841 3505.692 3456.632 3429.726 3429.726 3945.374 4342.006 6098.706 5894.696 5894.696 5894.696 5894.696 5894.696 5894.696 5894.696 5894.696 5894.696 5894.696 5894.696 8387.441 9855.515 9839.717 9536.693 9626.98 12044.31 12852.19 9734.366 8290.399 8290.399 8290.399 8290.399 8414.142 8503.56 8460.275 4043.911 0 0 0 0 0 0
3086.54 3086.54 3086.54 2920.434 2485.449 1043.218 1018.443 1131.467 1424.89 1834.102 1917.991 1917.991 1917.991 1917.991 1917.991 1917.991 1917.991 1917.991 1917.991 1940.545 2284.6 2284.6 2284.6 2284.6 2308.333 4302.829 4832.673 5010.321 5010.321 4996.971 3743.495 3538.616 3538.616 3538.616 3538.616 3538.616 3491.642 3431.113 3430.682 3430.682 3444.831 7472.754 8108.398 6678.919 6587.708 6404.129 5896.34 5896.34 5896.34 5896.34 5896.34 5896.34 5896.34 5896.34 8398.371 9858.263 9858.263 9858.263 9858.263 9858.263 9858.263 9060.07 8298.653 8292.712 8276.594 8292.712 8155.127 7297.814 7242.785 6872.732 603.4766 0 0 0 0 0
3087.398 3087.398 3087.398 3087.398 2984.518 2261.913 1797.025 1880.059 1918.525 1918.525 1918.525 1918.525 1918.525 1918.525 1918.525 1918.525 1918.525 1918.525 1918.525 1978.884 2260.965 2285.236 2285.236 2590.495 2713.933 2687.513 4447.312 5025.818 5030.786 5042.833 4014.204 3744.56 3539.601 3539.601 3539.601 3535.726 3493.018 3436.758 3431.637 3431.637 4020.388 8109.516 8084.231 8219.953 8219.953 7369.341 5898.257 7002.389 7517.558 7573.916 9427.012 8063.624 6135.7 7790.099 11985.05 9994.479 9861.007 9861.007 9861.007 9861.007 9861.007 9861.007 9267.94 8335.34 7988.335 7425.891 7549.618 7224.779 7219.12 7219.12 3132.978 0 0 0 0 0
3088.256 3088.256 3001.974 2450.366 2153.278 2061.829 2061.829 2036.968 1954.122 1919.057 1919.057 1919.057 1919.057 1919.057 1919.057 1919.057 1919.057 1919.057 1919.057 1943.294 2220.831 2285.871 2392.821 4848.818 5058.751 5058.751 5058.751 5058.751 5058.751 5058.751 5312.761 6606.932 3540.584 3540.584 3540.584 3512.036 3432.59 3432.59 3432.59 3432.59 3999.14 7120.039 4758.084 6173.589 6488.552 6502.214 7399.72 10822.4 10992.18 10992.18 10992.18 10992.18 10875.94 12971.34 16089.56 13970.79 11637.11 12445.95 10342.91 12594.36 13643.74 12913.68 10668.31 8402.723 7468.915 7221.125 7221.125 7221.125 7221.125 7221.125 6901.73 1184.71 0 0 0 0
2534.581 2496.623 2206.578 2062.401 2062.401 2062.401 2062.401 2062.401 2023.955 1919.59 1919.59 1919.59 1919.59 1919.59 1919.59 1919.59 1919.59 1919.59 1919.59 1999.288 2286.506 2286.506 3336.31 5060.156 5060.156 5060.156 5060.156 5060.156 5060.156 5060.156 5060.156 7619.805 5747.25 3974.128 3541.568 3487.824 3433.543 3433.543 3433.543 4125.036 4321.079 4269.605 4246.621 4246.621 4246.621 4335.108 4246.621 5418.416 7717.612 10995.23 10995.23 10995.23 10995.23 11692.05 15678.51 16094.02 16094.02 16075.23 16106.21 16111.39 16094.02 16094.02 13514.96 7234.264 7223.13 7223.13 7223.13 7223.13 7223.13 7222.858 7223.13 2793.448 0 0 0 0
2168.712 2073.909 2062.972 2062.972 2062.972 2062.972 2062.972 2062.972 2054.347 1932.565 1920.121 1920.121 1920.121 1920.121 1920.121 1920.121 1920.121 1920.121 1947.257 3478.257 3393.82 4043.165 5030.813 5061.556 5061.556 5061.556 5061.556 5061.556 5061.556 4687.773 3809.467 5223.284 6151.021 7964.087 7483.409 5534.916 4606.286 3434.493 3434.493 5231.526 5137.763 4247.796 4247.796 4247.796 4247.796 4247.796 4247.796 4247.796 6452.858 10959.53 10998.28 10998.28 10998.28 14142.73 15872.35 16098.21 15299.85 13991.06 18143.97 17683.53 16237.22 15696.94 14345.91 9007.701 8151.295 7618.313 7449.928 7217.154 5835.996 4906.251 5151.732 3258.471 58.97957 0 0 0
2169.311 2120.761 2066.604 2063.541 2063.541 2063.541 2063.541 2063.541 2063.541 2054.862 2050.252 2031.884 1927.025 1920.651 1920.651 1920.651 1920.651 1920.651 2430.168 5062.953 5062.953 5062.953 5062.953 5062.953 5062.953 5062.953 5062.953 4975.56 4489.984 4752.652 3709.43 3709.43 4673.465 7097.033 6223.911 5824.884 7611.751 7363.277 6279.027 7039.298 6014.521 4248.968 4248.968 4248.968 4248.968 4943.877 5997.378 7566.049 7859.033 9746.944 10847.79 10987.27 11001.31 11003.23 12376.11 12400.33 12115.32 13433.32 18402.18 18402.18 18203.35 12818.67 8545.891 8545.891 8545.891 8545.891 8217.591 7279.388 4666.051 4666.051 4666.051 4666.051 1025.128 0 0 0
2169.908 2169.908 2107.177 2064.11 2064.11 2064.11 2061.935 1926.376 2062.404 2064.11 2064.11 2064.11 2039.809 2020.622 1929.52 1921.18 1921.18 1921.18 4292.712 5064.348 5064.348 5064.348 5064.348 5064.348 5064.348 5064.348 5064.348 4573.445 3805.243 4208.847 3710.452 3710.452 3710.452 3710.452 3710.452 3710.452 7208.792 8135.572 8135.572 8135.572 7703.836 5933.942 4612.673 4782.399 4972 6819.088 9068.499 9576.768 9646.317 9646.317 9658.28 9853.367 10514.7 10934.72 10761.38 11094.7 11975.49 12782.55 15322.91 15761.94 16747.46 13221.29 11286.43 10231.65 9942.307 8595.836 8548.245 6696.941 4667.336 4667.336 4667.336 4629.936 1627.479 165.5614 0 0
2160.74 2150.446 2115.375 2064.677 2064.677 2064.677 1930.724 1550.341 1745.824 2064.677 2064.677 2064.677 2064.677 2064.677 2035.944 1939.432 1942.044 1924.767 3567.026 5065.74 5065.74 5065.74 5065.74 5065.74 5065.74 5065.74 5065.74 4951.986 3812.256 3751.163 3711.472 3711.472 3711.472 3711.472 3711.472 4314.829 8137.68 8137.808 8137.808 8137.808 7733.14 6373.658 5437.685 5714.871 8702.782 8830.177 8865.271 8955.554 9573.857 9648.97 9648.97 10865.06 11826.41 10014.36 9648.97 9648.97 11142.24 12087.02 12000.6 12011.56 12068.32 12547.35 12680.97 12680.97 11777.58 9386.383 8455.276 4841.649 4668.619 4668.619 4325.883 1779.581 16.41546 0 0 0
2111.763 2065.243 2065.243 2060.971 2041.815 2045.625 1684.625 1550.766 1554.09 2025.129 2065.243 2065.243 2065.243 2065.243 2065.243 2065.243 2065.243 2034.089 2045.876 5067.068 5067.129 4891.32 4949.995 5067.129 5067.129 5067.129 4855.628 4436.367 3941.863 3712.49 3712.49 3712.49 3712.49 3712.49 5958.502 7537.324 8140.041 8140.041 8140.041 8139.971 6477.791 5439.176 5439.176 5439.176 7021.634 8867.703 8867.703 8867.703 8932.21 10372.82 13278.73 13606.08 13634.75 13108.22 11745.91 9985.005 12739.34 12741.62 13378.7 11852.07 11467.27 11720.17 12207.9 12126.46 7429.138 5125.523 5552.659 4669.899 4669.899 3183.816 419.5689 0 0 0 0 0
