indp95g.asc
ncols         816
nrows         816
xllcorner     65
yllcorner     5
cellsize      0.0416666666667
NODATA_value  -9999
[rows 340 to 373 of 816, columns 456 to 531 of 816]
13850.5 21502.71 12863.2 5130.451 5444.283 5902.582 6383.2 6706.282 6872.803 16306.25 16601.58 16601.58 16601.58 17106.68 17612.8 14676.78 6338.173 5793.351 8612.759 8867.752 9580.915 11653.16 11909.11 56368.29 57550.91 14672.93 10920.98 11662.55 14822.16 14822.53 14822.53 15683.46 14637.25 15336.62 13641.16 13620.65 15077.73 18615.89 18615.89 17324.19 14439.92 11159.19 9950.451 7272.107 7740.913 8161.341 8161.341 8161.341 7037.929 6765.709 6765.709 6765.709 6765.709 6765.709 6765.709 7779.39 9366.179 8914.068 8252.073 8252.073 8329.11 5934.396 4309.085 4309.085 4309.085 4220.88 4312.542 8516.345 8900.215 8900.215 8097.774 8849.961 7747.083 10478 9089.552 8768.212
13266.76 9815.945 4929.454 4929.454 4929.454 4929.454 4930.619 6136.295 6719.576 7613.098 12353.85 16573.82 16607.16 13829.65 14292.93 15036.57 15746.99 10649.42 9221.384 9221.384 10235.2 11657.07 15811.49 55359.07 57570.26 19018.73 10924.65 12293.78 14826.14 14827.52 15332.19 17558.88 17824.06 16165.83 13496.93 13389.12 13644.43 18622.15 18622.15 15031.86 11522.15 4854.812 2940.404 2940.404 3303.44 7148.265 8164.084 8164.084 6686.372 6298.133 6767.983 6767.983 6767.983 6948.172 7056.587 7410.21 8262.18 8254.848 8254.848 8254.848 7716.467 4405.855 4310.533 4310.533 4310.533 4210.236 4186.366 5739.44 5798.172 7558.704 7515.189 7243.189 7243.189 7239.171 6149.352 5238.184
6797.681 4944.712 4931.106 4931.106 4931.106 4931.106 4931.106 5759.77 8331.063 6780.191 6739.584 8408.912 12489.86 10653.96 10339.38 10339.38 10581.64 9597.862 9224.474 9224.474 9357.126 11379.17 11248.25 16938.7 20764.04 12647.09 10836.79 10474.4 10744.14 11244.18 14260.8 9637.802 7765.969 6424.292 7388.756 6922.872 7152.631 11764.73 16082.08 16117.11 10569.17 2941.389 2941.389 2941.389 2941.389 3356.672 6328.566 5685.893 3450.601 4353.642 5122.981 6712.42 7398.078 8439.445 8474.339 8474.339 8450.1 8311.158 8257.613 8257.613 8257.613 5584.343 4311.978 4311.978 4272.478 4187.806 4187.768 4187.768 4187.768 4189.798 6314.174 7245.616 7245.616 7203.748 5239.939 5239.939
5551.155 4932.757 4932.757 4932.757 4932.757 4932.757 6215.338 8822.32 9675.044 8854.957 6905.721 6741.841 8920.975 10342.84 10342.84 10343.05 11526.67 12453.63 12394.94 12401.98 12334.04 13377.81 11261.92 11194.6 11194.6 11194.6 11132.69 10343.43 10157.17 10206.71 10596.5 10413.58 6151.851 6151.851 6151.851 6099.759 5814.173 5810.039 5810.039 6734.964 7323.361 2942.374 2942.374 3076.668 3797.264 4062.55 4139.038 3191.855 3104.242 3104.242 3104.242 6872.752 8365.758 8477.177 8477.177 8477.177 8477.177 8475.491 8319.16 7912.577 6664.548 6330.406 4581.019 4313.422 4258.566 4189.171 4189.171 4189.171 4189.171 4439.626 7125.602 7248.043 7248.043 6702.1 5241.694 5241.694
5278.363 4934.404 4934.404 4934.404 4934.404 4934.404 9057.155 9678.273 9678.273 9678.273 7981.325 6744.091 8078.413 9940.117 10364.27 10566.4 11561.28 13539.01 13703.22 13880.88 13872.34 15116.9 12361.87 11198.33 11198.33 10767.42 10148.03 10927.83 10524.88 11597.93 11762.24 9059.795 6153.904 6153.904 6153.904 5958.737 5811.978 5811.978 5811.978 5701.767 4516.051 3935.237 3201.12 3313.988 4099.448 4274.393 4256.774 3486.497 3105.278 3105.278 3105.278 3861.153 6031.062 8387.121 8287.043 8437.371 8480.007 7392.619 4243.87 3943.215 3897.834 4242.895 4693.362 4314.861 4305.362 4230.062 4193.968 4190.569 4190.569 4190.569 6151.545 7231.223 7250.462 5964.455 5243.443 5243.443
7085.516 5040.18 4936.05 4936.05 4936.05 4936.05 8095.409 9681.503 9681.503 9681.503 7752.907 6746.342 6746.342 8449.098 9409.071 9381.742 9867.085 10178.93 11305.43 12400.8 12241.39 16068.26 12321.27 9796.005 10432.89 10108.14 10102.76 10896.95 11746.9 11766.17 11766.17 8754.291 6155.958 6155.958 6097.774 5825.354 5813.917 5813.917 5827.177 5813.917 7659.439 8069.637 6681.091 4275.546 4275.819 4275.819 4275.819 4125.092 3132.675 3106.314 3106.314 3687.872 3899.135 4262.271 3930.322 3933.49 4363.43 3948.527 3899.135 3899.135 3899.135 4244.865 8284.577 4572.869 4316.301 4316.301 6227.072 4830.981 4191.967 4551.517 6504.619 6897.719 6990.107 6785.694 5784.722 5136.453
7148.325 6171.932 4937.692 4937.692 5046.315 4990.768 6372.966 9375.953 9684.723 8064.574 5910.544 6622.96 6748.585 8090.307 8025.385 7622.033 7622.033 7622.033 8271.168 11160.61 15648.57 14857.87 8031.702 7478.238 7695.515 9945.24 10106.12 10106.12 10398.55 11032.65 11758.71 10410.45 6616.002 6126.423 5923.544 5815.851 5815.851 6392.32 7706.083 7219.58 7938.5 8072.321 7692.975 4750.313 4277.241 4277.241 4277.241 3600.171 3107.347 3107.347 3107.347 5032.579 4996.837 5297.655 5171.893 4444.271 3900.431 3900.431 3900.431 3900.431 3900.431 7089.286 15400.4 11654.17 9802.975 6668.61 7428.981 6277.82 5586.123 5261.537 6586.365 6886.238 6886.238 6869.306 6411.075 5241.605
7150.701 6938.33 5190.135 5412.94 5454.481 6112.125 6051.731 7480.578 9524.206 5950.509 4082.357 4839.414 5699.855 6547.449 11010.63 9199.06 7634.952 7624.567 9027.07 12433.74 13057.66 8444.716 7588.323 7094.819 5573.302 5685.647 7164.871 10062.11 10109.48 10125.3 11251.14 11033.98 9705.758 4969.136 6903.614 7464.216 7102.63 7941.977 8075.004 8075.004 8075.004 7969.168 5945.178 5042.1 4628.506 4486.27 3763.85 3365.966 4309.682 4987.421 4026.415 5406.647 5441.87 5441.87 5441.87 5159.19 3901.728 3901.728 3901.728 3901.728 8557.127 14171.91 15405.52 15405.52 14676.36 7605.521 7460.094 7460.094 7460.094 7295.883 6870.976 6886.595 6888.527 6881.004 6882.486 6300.014
7153.07 7153.07 6623.617 6013.587 5886.52 6176.26 6159.277 4973.361 4660.955 4083.71 4083.71 4083.71 4083.71 5668.897 12174.02 12174.02 10470.37 7181.781 6037.341 6014.484 7589.412 7590.837 7590.837 5880.178 5496.073 5496.073 5496.073 6207.764 6300.038 8534.475 6381.1 4715.271 4715.271 4715.271 5484.201 6790.812 8077.679 8077.679 8077.679 8077.679 8077.679 6372.923 5339.13 5339.13 5393.415 9472.906 8516.24 4067.37 5437.851 5443.673 5443.673 5443.673 5443.673 5443.673 5214.708 4119.927 3903.021 3903.021 3903.021 3903.021 11499.93 11429.95 13981.44 15410.62 15410.62 11214.19 7462.566 7462.566 7462.566 7277.515 6837.156 6816.892 6845.838 6822.458 6808.851 6215.257
7079.092 5878.607 5292.056 5622.163 5653.2 6098.071 5761.374 5847.938 4363.821 4085.06 4085.06 4085.06 4085.06 7474.369 12178.05 12166.48 7912.88 5131.043 5129.117 5343.631 6131.392 7593.162 7593.347 5618.407 5497.891 5497.891 5497.891 5279.015 4802.467 4716.83 4716.83 4716.83 4716.83 4716.83 4716.83 6284.569 7240.369 7471.492 8080.351 8068.399 7699.847 5725.746 5340.896 5340.896 7315.615 9728.384 9729.797 9672.152 6548.21 6456.19 6678.418 6000.821 5449.244 5445.473 5715.856 4649.382 4044.765 3904.311 3904.311 4287.504 8619.57 8809.629 11592.18 15415.72 15415.72 11227.86 7411.002 7363.076 7465.034 7026.446 6805.92 6806.535 6806.535 6806.535 6806.535 5289.575
7123.585 5407.402 4429.683 4429.683 4705.224 4575.337 4443.104 4792.343 4324.725 4171.989 4086.41 4086.41 5523.586 9829.627 7583.412 8973.244 5217.034 5130.812 5130.812 5130.812 5130.812 6625.131 7261.363 5452.758 4858.352 4899.394 5357.628 5000.295 4737.014 4718.389 4718.389 4718.389 4718.389 4718.389 4718.389 5048.459 6991.85 6999.036 7199.239 7030.898 7055.838 5839.543 5342.662 5601.608 8696.436 9733.013 9733.013 9733.013 9328.881 7739.712 7540.605 7540.605 7049.803 6360.718 7516.975 6995.516 5101.737 4208.018 3905.602 5207.989 6996.663 7645.034 8672.91 10268.36 11903.18 9140.664 6864.297 6813.814 6952.271 6791.688 6801.582 6808.785 6808.785 6808.785 6808.785 6264.058
6060.84 5462.888 4503.628 4431.142 4431.142 4431.142 4431.142 4431.142 4431.142 4430.353 4217.681 6706.909 7045.1 3929.172 3469.167 3474.367 4595.155 5029.988 5132.503 5132.503 5132.503 5268.378 5089.592 4528.758 4264.921 4360.231 4707.479 4848.281 4720.377 4856.878 4807.014 4734.352 4719.943 4660.717 4629.7 5911.783 6864.715 6106.871 6491.171 6956.138 6994.153 6758.844 5361.021 5344.421 8210.225 9736.22 9736.22 9731.397 8586.583 7629.06 7543.089 7543.089 7543.089 7543.089 7308.643 5493.09 5138.432 5094.863 4876.632 5914.798 6121.459 6121.459 6541.091 8035.884 7344.688 6794.651 6786.562 6786.562 6786.562 6786.562 6789.73 6810.667 6633.18 6723.33 5971.447 5270.397
5734.068 5263.354 4432.599 4432.599 4432.599 4432.599 4432.599 4432.599 4432.599 4432.599 3933.311 7728.686 6747.694 3470.307 3470.307 3470.307 3470.307 4800.2 5134.19 5134.19 5128.282 4991.17 4784.377 4296.062 4266.323 4266.323 4649.721 6017.111 5741.663 5926.71 5987.811 5555.211 4739.199 4538.77 4528.77 4532.346 4528.77 4528.77 4532.94 4958.834 6530.217 6926.955 6079.416 5346.069 8131.025 9739.421 9510.902 9118.279 8509.496 7545.57 7545.57 7545.57 7545.57 7545.353 6150.132 5140.122 5140.122 5140.122 5140.122 5705.197 6123.472 6123.472 6123.472 6123.472 6123.472 6248.511 6776.515 6788.793 6961.17 6807.375 6856.799 6991.253 5478.159 5398.567 4932.217 4907.331
6252.145 6199.698 6041.091 4924.322 4434.054 4434.054 4487.446 5427.532 4516.502 4207.416 3714.969 3815.88 4131.239 3471.446 3471.446 3471.446 3471.446 4817.884 4887.281 4432.073 4450.412 4267.723 4267.723 4267.723 4267.723 4293.588 5630.649 6019.085 6019.085 6019.085 6019.085 5521.433 4530.256 4530.256 4530.256 4530.256 4530.256 4584.798 4730.403 4874.358 4874.358 5019.996 4948.025 4957.06 5560.89 8303.04 7878.522 7872.147 7826.259 7787.012 7649.578 7548.046 7548.046 7576.111 8463.238 5345.118 5141.809 5141.809 5141.809 5180.328 6046.643 6125.481 6125.481 6125.481 6158.587 6241.743 7857.394 7500.827 7604.135 7580.124 7409.891 7405.457 6948.555 5559.102 4908.941 4908.941
6254.192 6254.192 6254.192 5873.653 5175.241 5324.886 6057.095 6611.1 4622.901 3719.724 3708.25 3536.023 3472.912 3472.583 3472.583 3357.899 3140.984 2490.047 3138.344 4268.864 4269.121 4269.121 4269.121 4269.121 4209.686 5237.298 5372.098 6008.477 6001.5 6005.98 6017.792 5751.792 5439.052 5032.864 4740.131 4542.774 4609.812 4824.763 4875.955 4875.955 4875.955 4875.955 4875.955 4875.955 6329.787 7780.598 7755.678 7874.726 7874.726 7874.726 8051.064 12598.05 13326.25 13615.43 10412.58 5143.493 5143.493 5364.389 5880.709 6224.312 6239.117 6127.488 6936.969 7852.135 8149.513 8146.262 8025.009 8019.298 8019.188 7711.815 7412.371 7412.371 7412.371 5476.987 4395.099 4559.65
6309.293 6426.411 6577.147 6621.903 6669.345 6669.345 6669.345 6669.345 4770.294 3752.496 3752.496 3742.677 3729.495 3501.81 2730.158 2290.77 2052.551 2177.045 3373.039 4306.486 4306.733 4306.733 4306.733 4290.993 4130.741 4073.981 4338.408 5282.276 5915.409 5915.409 5918.805 5793.404 5783.532 5783.532 5657.103 4844.19 4689.354 4926.327 4918.914 4918.914 4918.914 5071.742 6170.975 6489.58 6934.436 7315.267 7351.573 7809.517 7918.99 7944.104 10108.83 13853.56 14028.71 14028.71 14022.15 11161.6 6868.351 6590.317 6674.651 6639.141 6182.153 6181.473 7503.496 8406.728 8406.728 8406.741 8160.548 8093.671 8089.94 7745.842 7466.59 5683.621 4620.737 4428.268 4233.872 4266.37
5777.903 6464.072 6614.747 6614.747 6614.747 6614.747 6187.877 5415.941 3803.117 3721.777 3721.777 3721.777 3717.512 3278.297 2088.811 1986.934 1921.728 2065.204 3448.862 3973.062 4271.477 4271.477 4271.477 4257.983 3922.873 3862.459 4025.144 4849.069 5861.303 5866.982 5866.982 5592.371 5287.723 5153.292 5110.025 5033.041 5033.041 4992.802 4899.641 4885.885 5536.054 7129.408 7255.381 7255.381 7255.381 7255.381 7255.381 7401.847 7272.492 6955.433 7042.083 9064.555 13481.55 13913.87 13913.87 13913.87 13469.41 6620.01 6620.01 6531.922 6411.389 6784.978 8307.734 8337.906 8325.275 8331.214 8276.189 8051.638 8023.628 7572.091 6882.636 4199.211 4189.973 4196.318 4199.211 4199.211
4971.051 8646.542 7624.218 6686.531 6573.013 6574.837 4594.542 3782.888 3727.225 4019.641 3722.993 3738.668 3999.821 3512.907 1980.095 1721.736 1626.281 1626.281 1626.281 1835.931 2596.549 3750.347 3665.254 3781.753 3497.946 3505.567 3516.334 3598.687 5455.502 5868.79 5763.001 5071.45 5034.686 5034.686 5034.686 5034.686 5034.686 5034.686 5036.35 5044.461 5155.459 6822.7 7257.752 7257.752 7257.752 7257.752 7257.752 7257.752 7030.829 6712.805 6710.988 6710.988 6354.578 8148.48 11452.42 13918.41 13595.22 6622.173 6622.173 6622.173 6622.173 7415.398 8118.856 8154.957 8233.463 8289.648 8266.805 8050.384 8026.345 7429.125 7315.337 5233.204 4167.675 4170.958 4185.317 4200.303
5512.817 11900.1 12318.81 10914.52 6603.262 6357.366 6279.12 5411.445 4566.12 4754.583 4555.471 4665.399 4705.173 4379.018 1806.846 1626.811 1626.811 1627.427 1626.811 1645.964 1900.781 1777.296 2905.219 2930.795 3021.763 3085.987 3097.958 3432.499 3055.006 4050.702 5870.814 5994.296 9429.927 8122.918 5824.467 5564.504 5065.127 5081.85 5045.598 5070.431 5073.306 5209.25 5317.855 6120.434 7051.421 7260.12 7260.12 7260.12 6994.812 6713.177 5702.14 4487.421 3945.232 3852.526 6281.497 12223.4 13498.52 6616.021 6624.333 6677.4 6832.363 7940.049 8116.497 8116.497 8159.347 8254.041 8218.736 8167.264 7413.676 6273.353 6094.593 5191.029 4187.504 4168.625 4168.625 4183.891
4782.237 8961.622 12322.82 12322.82 9241.921 6359.436 6340.679 5358.065 4761.578 4761.578 4761.578 4761.578 4744.183 2878.01 1627.34 1664.315 1916.961 2283.003 1685.285 2219.747 2840.517 2088.57 2939.687 3056.098 3076.045 2931.816 2931.75 2931.75 2931.75 3521.747 5872.725 8465.785 12408.19 12408.19 12152.34 12385.74 11692.3 11069.29 6738.515 5074.958 5074.958 5074.958 5074.958 5074.958 5436.931 6805.189 7262.483 7229.115 6778.686 6715.362 6596.454 4629.746 3853.78 3853.78 3853.78 4082.885 5509.903 5581.963 5909.336 7133.103 8119.139 8119.139 8119.139 8119.139 8133.389 8239.61 8256.729 8256.729 6816.54 4897.228 4897.228 4897.228 4700.729 4206.597 4169.981 4169.981
4783.792 5890.931 9202.596 12133.2 12257.48 7758.366 6361.502 6196.353 4950.555 4763.125 4763.125 4763.125 4763.125 3939.744 2176.148 2418.681 2551.032 2559.468 2751.64 2903.953 2932.702 2941.583 3251.68 3440.988 3430.355 3106.56 2939.317 2932.702 3128.688 4603.679 5874.633 7657.917 12109.79 12412.22 12412.22 12217.02 9522.168 9414.271 10734.17 7759.472 5799.998 5105.241 5076.607 5076.607 5109.401 5565.155 6997.648 6799.735 6717.544 6717.544 6206.055 4760.353 3855.032 3855.032 3855.032 3949.279 5010.572 5320.996 5320.996 5366.806 6512.699 7138.255 7776.287 8121.777 8191.339 8142.862 8203.171 8259.411 8249.534 6160.633 4898.819 4898.819 4898.819 4693.785 4284.295 4195.387
4785.343 4785.343 4785.343 8565.994 12101.62 11830.76 13873.27 9082.517 4464.703 4116.682 3820.615 4696.453 4604.785 3857.309 2574.192 2551.859 2551.859 2558.038 2602.346 2554.473 2668.024 2787.36 3243.7 3442.104 3442.104 3835.24 3813.931 3544.541 4050.43 4880.452 5758.1 5876.539 7756.262 12416.25 12416.25 9926.585 5215.082 5215.082 6322.575 7290.302 5947.05 5392.875 5305.277 5079.917 5078.253 5945.57 7081.284 6719.723 6719.723 6719.723 5527.883 4103.496 4608.086 4962.583 3856.283 4278.751 5999.179 7198.493 5451.019 5322.722 5322.722 5322.722 5531.011 7587.167 8255.613 8261.062 8244.549 8262.09 8262.09 6850.342 4900.408 4900.408 4900.408 4900.408 4900.408 4619.454
4786.892 4786.892 4439.137 2468.441 3411.496 8263.212 16714.21 9571.006 2827.264 2827.264 2827.264 4061.617 2888.435 2552.685 2552.685 2552.685 2552.685 2552.685 2552.685 2552.685 2552.685 2569.33 3183.443 3443.218 3616.866 3918.218 3927.42 3931.514 4165.675 4261.129 5233.089 5878.44 10411.39 12376.38 8712.439 5452.136 5228.842 6474.977 7313.519 6467.794 5841.936 5841.936 5841.936 5257.143 5144.862 6981.337 8054.39 7055.552 6853.016 6819.549 7150.431 11171.6 11353.97 11308.39 9792.441 12704.77 18554.73 11339.14 7327.552 5652.426 6926.515 5446.692 5324.445 7751.796 16039.04 11183.04 8264.764 8264.764 8264.764 9058.137 5464.253 4901.994 4901.994 4901.994 4901.994 4734.442
4788.438 3671.816 2183.387 2111.069 2111.069 2209.193 2744.667 2828.177 2828.177 2828.177 2828.177 2937.88 3366.826 3053.744 2596.1 2553.51 2553.51 2553.51 2553.51 2553.51 2553.51 2553.51 2976.3 3444.331 3580.688 3920.476 3928.688 4016.673 4151.004 4262.505 4263.801 4440.435 6743.415 7358.346 5218.456 5218.456 5678.019 6788.11 7106.66 5974.761 5843.823 5843.823 5843.823 6677.909 6841.203 8166.544 8161.604 8165.873 8134.618 8161.892 8420.829 11042.89 11357.64 11357.64 11357.64 15272.8 23950.55 16654.95 11342.81 11209.45 11342.81 8706.638 7430.064 11547.35 17236.35 17630.44 13367.75 8864.316 9202.382 14551.85 12150.39 10412.45 6448.22 4903.578 4903.578 7084.073
3781.281 2206.266 2111.749 2111.749 2111.749 2111.749 2550.673 2829.088 2829.088 2872.528 3557.946 3859.913 3862.592 3862.592 3676.675 2776.784 2554.332 2554.332 2554.332 2554.332 2554.332 2565.993 3056.427 3445.44 3445.44 3915.294 3929.953 4019.648 4263.878 4263.878 4263.878 4263.878 4406.478 5158.406 5365.378 6532.259 7165.847 7319.128 7023.871 6390.001 5853.432 5845.705 5845.705 8941.831 20497.01 13849.34 8336.337 8170.188 8606.326 8169.173 8169.173 10359.34 19036.8 18567.69 17973.44 21250.51 24180.38 37401.59 34433.84 40423.92 11346.46 11346.46 11346.46 11346.46 17020.05 17858.88 17858.88 15417.71 15678.82 16144.83 16687.2 12298.21 10842.83 8655.326 5631.401 6218.958
1994.032 2112.428 2112.428 2112.428 2112.428 2112.428 2116.959 2545.12 2829.998 2994.25 3863.835 3863.835 3863.835 3863.835 3720.141 2695.324 2510.469 2516.461 2555.038 2555.154 2555.154 2971.209 3446.549 3446.549 3447.241 3824.559 3931.218 3936.124 4137.837 4265.25 4265.25 4265.25 4922.293 5142.661 6442.688 7230.112 7321.484 7321.484 7313.284 6653.315 5850.725 5847.586 5847.586 5847.586 7151.891 14236.32 22752.19 24131.76 22562.11 18272.41 13766.38 17066.27 23968.84 24188.17 24188.17 32096.3 63165.02 61558.63 72067.65 67719.03 19558.44 11436.59 12239.22 14057.73 17715.87 17864.63 17864.63 18022.48 19710.56 17041.56 16692.57 12395.83 10847.67 10655.77 10029.09 8873.764
2089.862 2113.106 2113.106 2113.106 2113.106 2113.106 2113.106 2385.253 2746.48 3100.278 3865.074 3865.074 3865.074 3865.074 2947.232 2428.452 2428.452 2428.452 2450.272 2484.849 2491.942 2552.682 3029.74 3431.507 3447.654 3551.047 3890.751 3934.126 4212.733 4266.618 4266.618 4266.618 5083.478 5223.49 5887.635 7237.228 7323.832 7323.832 7323.832 6414.192 5849.462 5849.462 5968.912 6224.498 6349.993 6600.414 7517.649 13095.03 11472.84 9472.669 18310.99 25940.72 25040.28 24195.92 24195.92 24195.92 59071.45 72074.29 72308.05 30475.53 13374.82 13967.56 17506.68 17870.36 17870.36 17870.36 17870.36 22355.47 25115.92 23331.44 16832.05 11036.95 10851.15 10669.94 10312.54 10034.27
1543.103 1912.853 2113.783 2113.783 1945.954 1084.631 1206.337 1639.043 2166.756 3861.285 3866.313 3866.313 3866.313 3866.313 2494.061 2429.231 2429.231 2429.231 2429.231 2429.231 2457.77 2502.139 3501.327 4678.805 4266.688 4444.365 3942.947 3965.927 4733.258 6065.565 8469.544 7113.26 7211.02 5225.165 6142.077 7326.18 7326.18 7326.18 7326.18 6402.55 5851.337 5839.737 6339.244 6843.385 6843.385 6940.313 6807.607 6530.286 5322.215 4716.698 10710.26 28228.63 28089.42 27900.99 27521.8 26288.18 18380.99 50017.11 72361.19 35355.09 25954.06 13379.11 16174.19 12681.67 10094.95 9574.402 13189.66 18045.61 24206.59 25123.97 23717.37 18204.23 13455.71 10503.39 10315.85 10315.85
1138.812 898.7565 910.5914 912.5038 881.5474 851.4911 851.4911 851.4911 1232.991 3500.979 3797.479 2471.382 3112.323 3805.173 2361.115 2360.52 2430.008 2447.803 2430.008 2430.008 2430.008 2677.073 4807.834 5109.038 5109.038 5043.026 4738.414 4808.747 6280.457 10621.18 11695.76 11695.76 11679.02 9864.016 6702.479 6759.029 8393.776 10282.63 7649.104 6377.568 5748.06 5757.354 5792.814 6842.252 6845.575 7113.045 6436.067 4723.081 4718.208 4718.208 5487.588 28277.63 28277.63 28277.63 28277.63 25302.12 12612.59 16455.67 34837.48 55309.59 72392.68 33525.54 10573.76 7676.421 7676.421 7676.421 7676.421 7470.4 9188.604 20650.15 25119.57 25132.01 24854.09 16241.41 14598.6 10634.35
1321.423 1007.597 851.7626 851.7626 851.7626 851.7626 851.7626 852.502 1055.273 1759.884 2174.486 2245.311 2357.747 2568.913 2245.311 2267.193 2931.498 4968.95 2738.607 2430.783 2430.783 2430.783 3861.871 5110.667 6151.225 5223.485 5110.667 5110.667 6618.869 10585.62 11902.89 11699.49 11699.49 11699.49 11699.49 11699.49 15656.31 17693.24 17693.24 16173.74 9984.651 5654.259 5655.81 6287.824 6847.758 7016.929 7301.206 5207.57 4719.712 4719.712 8976.301 28286.65 28286.65 28286.65 22877.9 13876.42 11072.81 10731.27 8773.301 6961.423 10776.85 13647.34 7020.459 7283.736 10240.37 8428.624 7632.731 6876.967 6157.969 6466.703 9152.911 8996.765 10185.72 17865.31 24133.61 24435.27
1619.059 1993.104 1218.315 904.6414 1162.84 904.6404 852.0338 1011.196 1394.421 1394.455 1436.435 2238.942 2246.026 2246.026 2246.026 2246.026 3826.995 6226.58 4340.521 2898.404 2703.065 4002.489 4831.938 5862.026 6639.33 5123.133 5112.293 5112.293 5112.293 19868.26 32924.73 25590 17119.7 10703.81 11013.15 9838.558 15552.22 17698.87 17698.87 17698.87 12302.22 5656.059 5656.059 5859.77 6862.857 7303.532 7303.53 6147.788 5389.928 7410.031 11441.64 17182.54 28178.9 28295.65 28295.65 11515.63 11153.4 11568.62 7171.096 6959.353 7313.513 6959.353 6959.353 6959.353 11192.09 10315.43 7523.091 6159.929 6166.052 6953.249 7121.627 7121.627 7124.787 8936.828 10745.97 16307.79
1734.178 2004.47 1737.246 1693.781 2004.47 1522.886 852.3048 1008.974 1394.804 1394.898 1401.12 2246.338 2246.573 2246.739 2246.74 2246.74 5224.553 9283.699 5932.431 5718.002 5067.551 5734.886 6505.948 7079.649 6996.087 6487.32 5504.218 5211.707 5113.92 29243.6 40423.93 40423.93 30423.53 6000.166 6000.166 6000.166 6412.177 15258.88 17704.5 17306.55 8793.574 5657.858 5657.858 5657.858 6680.242 7171.529 7305.854 5611.501 5642.849 8247.369 8250.012 8266.387 28273.49 28304.65 23485.14 11245.48 12469.74 13757.72 11683.49 10946.9 13688.84 9650.646 7639.521 10884.69 12074.94 12174.15 8960.373 6161.889 6161.889 6734.862 7123.893 7123.893 7123.893 8435.626 9166.149 9235.839
1991.716 2005.106 2005.106 2005.106 2005.106 1996.639 1472.182 1290.392 1395.341 1395.341 1464.035 2245.904 2246.533 2247.109 2247.453 3549.625 9917.169 10502.33 7979.31 5727.069 5719.815 5734.929 6636.287 7081.894 7036.275 6498.881 5757.38 5336.265 5633.441 30052.68 40436.75 40436.75 40277.02 17916.24 6122.456 6002.068 6002.068 6546.762 11227.44 15282.15 5659.652 5659.652 5659.652 5659.652 5697.029 6335.927 5854.99 5201.45 5453.234 6537.818 7610.279 8338.388 24298.23 26262.7 14330.58 11083.37 12273.01 13759.7 13388.75 13661.05 13762.08 13106.06 10374.98 10201.03 10643.95 12067 8529 7089.543 6173.718 6566.326 7055.146 7126.151 7126.151 7644.294 8605.521 9083.26
2005.74 2005.74 2005.74 2005.74 2005.74 1798.267 1417.032 1395.782 1395.782 1395.782 1931.119 2247.244 2247.244 2247.47 2247.977 3181.84 9724.965 10505.65 10466.82 7893.173 6611.121 6871.02 7084.135 6625.933 5980.443 5650.047 5650.047 5963.257 8260.956 16250.98 39182.47 40449.55 40449.55 40449.55 22460.42 5073.142 4492.194 4181.757 3914.47 4215.103 4343.584 5697.263 6163.285 6030.077 5875.797 6321.636 6350.384 6350.384 6350.384 6350.384 6393.013 7997.007 8255.238 10117.06 10183.04 10625.62 11355.97 11938.9 10982.07 11668.67 12893.46 11216.09 8282.891 8284.141 8284.141 8438.905 8311.641 7919.165 6999.672 6855.023 6910.089 7126.484 7282.871 8972.806 9029.75 9029.75
