indp00g.asc
ncols         816
nrows         816
xllcorner     65
yllcorner     5
cellsize      0.0416666666667
NODATA_value  -9999
[rows 306 to 339 of 816, columns 380 to 455 of 816]
4680.014 2979.134 2979.134 2979.134 8047.783 13337.22 14380.24 14380.24 14380.24 14380.24 14380.24 14380.24 13965.15 12998.34 12842.53 12973.66 13044.1 12039.26 11318.82 11293.42 11293.42 11293.42 11373.35 12523.25 13069.02 16190.56 16529.83 16529.83 16529.83 16100.19 14246.18 16358.79 16314.48 11833.53 11664.29 11664.29 11664.29 11664.29 11664.29 11664.29 11664.29 11664.29 11964.67 11345.74 9398.516 12110.44 17924.51 18089.31 16996.7 16389.94 16389.94 16389.94 16390.09 15578.43 15150.28 15150.28 15150.28 15150.28 15150.28 15150.28 15150.28 16697.67 19825.98 19884.73 16373.75 14245.53 13768.44 13768.44 13768.44 13768.44 13834.86 15487.43 15817.96 19328.18 19695.32 19700.05
2980.2 2980.2 2980.2 2980.2 6228.835 10567.7 10999.26 13480.52 14385.39 14385.39 14385.39 14385.39 13742.24 12010.56 12010.56 12010.56 12010.56 12010.56 11515.91 11297.46 11297.46 11415.53 12546.29 12683.66 12683.66 12999.52 14755.5 16535.61 16468.57 14901.15 13755.64 14182.02 15247.93 12437.41 12359.12 11668.46 11668.46 11668.46 11668.46 11668.46 11668.46 11929.5 12169.11 11748.37 9401.929 9401.879 10836.06 12949.71 15235.16 16081.29 16395.8 16534.36 18583.37 17386.98 15155.7 15155.7 15155.7 15155.7 15155.7 15155.7 15155.7 18927.11 19891.85 19891.85 19891.85 16701.63 13773.37 13773.37 13773.37 13773.37 14782.16 16720.12 16658.14 19476.49 19702.37 19702.37
2981.266 2981.266 2981.266 2981.266 6496.967 10522.11 10522.11 11251.45 14379.81 14390.53 14390.53 14390.53 14117.52 12026.4 12014.86 12014.86 11998.74 11638.24 8580.1 11301.5 11301.99 12386.37 12688.2 12688.2 12688.2 12688.2 12688.2 13623.36 15241.27 13760.56 13760.56 13760.56 13760.57 13758.86 13252.49 12160.2 11672.63 11672.63 12283.94 13931.17 13119.81 15295.55 16589.67 14210.46 9416.783 9405.241 9405.241 9405.241 9405.241 14539.36 18233.35 17206.46 19507.86 19728.33 16130.77 15991.86 16380.96 16288.14 17246.22 15161.12 15161.12 18216.36 19898.96 19898.96 19898.96 18904.23 14145.09 13778.3 13778.3 13788.99 14408.36 16722.35 16738.66 17952.37 18894.87 19230.96
2982.329 2982.329 2982.329 5208.927 9156.548 10525.86 10525.86 10552.41 11813.22 13486.36 13448.53 14108.7 13081.83 12019.14 12019.14 12019.14 9003.868 2982.329 3221.941 9386.493 11848.45 12606.79 12692.72 12692.72 12692.72 12692.72 12692.72 12692.72 13427.2 13765.47 13765.47 13765.47 13765.47 13765.47 13765.47 13054.66 11823.03 11676.79 14993.48 16595.58 16495.14 16539.68 16595.58 15457.99 11170.13 9408.595 9408.595 9408.595 11747.4 19387.85 19604.43 19604.43 19604.43 22500.6 24948.72 25165.34 25308.15 24321.64 24877.81 19469.87 15872.23 19063.5 20844.96 20970.36 20177.59 20610.3 18447.95 14209 15691.17 15949.85 16730.81 16744.63 16744.63 16753.25 17926.62 18218.02
2983.391 2983.391 3202.666 8243.095 10313.13 10529.6 10529.6 10529.6 10529.6 10905.47 11078.83 11396.92 12096.85 12023.42 12023.42 12023.42 11719.14 5184.302 2983.391 3504.408 9219.728 7942.898 12697.24 12697.24 13321.63 12730.77 12717.68 12697.24 13142.34 13791.98 13770.37 13770.37 13770.37 13770.37 13770.37 13770.37 12001.68 11680.95 12841.89 16597.98 16601.49 16601.49 16601.49 16601.49 13347.38 9411.943 9411.943 9411.943 12737.45 19611.4 19611.4 19611.4 19611.4 19910.03 23957.22 25317.16 25317.16 25317.16 25317.16 23447.37 19936.77 19960.2 23773.11 23849.12 22187.42 23406.09 21295.44 19407.79 16729.51 16750.59 16750.59 16750.59 16750.59 16773.7 17888.59 18224.51
5170.927 6921.438 7587.261 7836.617 7907.688 9940.486 10533.35 10533.35 10562.24 10917.2 11082.77 11598.56 12027.7 12027.7 12027.7 12027.7 8383.002 3789.125 2984.452 2984.452 3524.09 15102.24 14732.36 15351.51 18413.08 17208.38 14229 14040.62 14104.52 14261.3 14156.12 13898.92 14133.22 14065.82 13913.9 13863.88 12795.72 11699 12407.36 13017.31 16316.38 16607.39 16607.39 16607.39 15745.97 9511.967 9415.291 9415.291 12782.7 19618.38 19618.38 19618.38 19618.38 23265.04 25326.17 25326.17 25326.17 25326.17 25326.17 22083.65 19542.99 19546.23 20920.51 22950.58 23857.61 23857.61 23857.61 23154.19 21844.79 20877.59 18508.85 16385.33 16497.82 16385.17 16965.14 18230.99
7839.396 7839.396 7839.396 7839.396 7839.396 9459.167 10598.39 10537.23 10843.86 11086.7 11086.7 11109.96 11370.15 11780.49 12012.66 11882.88 12031.96 6945.259 2985.51 2985.51 2985.51 10854.47 18998.63 18998.63 18998.63 18495.27 17589.64 15189.24 14267.61 14267.61 14267.61 14258 14267.61 14267.61 14233.47 14250.11 13941.89 12497.61 14551.9 12930.97 16295.36 16613.28 16613.28 16613.28 16317.81 10377.88 9418.63 9418.63 9620.835 18479.06 19625.34 19625.34 19507.73 21243.1 25075.89 25335.15 25335.15 25335.15 25015.99 19658.67 19549.92 19549.92 19549.92 20162.2 23866.07 23866.07 23866.07 23866.07 23866.07 23866.07 20412.66 16211.57 16211.57 16211.57 16504.54 18230.04
7842.17 7842.17 7842.17 7842.17 8091.589 10797.29 11018.6 10909.93 10974.14 11086.88 11090.62 11090.62 11090.62 11090.62 11473.73 7768.642 6381.413 6093.355 2986.567 2986.567 2986.567 3418.638 13922.86 10877.17 15860.99 19005.36 19005.36 18181.64 14540.12 14272.66 14272.66 14272.66 14272.66 14272.66 14272.66 14356.88 14551.23 14557.05 14557.05 14606.2 15045.79 16619.16 16619.16 16619.16 16619.16 14964.91 9421.964 9421.964 11244.96 16536.77 11022.95 18576.56 16388.74 16320.73 17030.83 19737.98 25344.11 25344.11 25243.7 24911.8 21204.25 19556.84 20193.09 22359.9 23874.51 23874.51 23874.51 23864.7 23874.51 23874.51 21374.53 16530.83 16217.31 16217.31 16519.05 17480.17
7844.945 7844.945 7844.945 7844.945 8509.916 11022.5 11022.5 11022.5 11022.5 11089.29 11094.55 11094.55 11094.55 11666.12 13661.32 9359.953 6787.13 3984.099 2987.624 2987.624 2987.624 2987.624 2987.624 2987.624 10069.57 19012.08 19012.08 18520.73 14292.04 14277.71 14277.71 14277.71 14277.71 14277.71 14339.07 14386.81 14520.3 14562.2 14562.2 14562.2 15221.23 17037.99 16625.04 16625.04 16625.04 16452.8 9433.09 9425.297 8529.087 4510.654 2987.624 3520.453 8035.267 10134.75 16084.09 17039.23 24041.83 25313.14 25353.08 21660.64 19579.14 19563.76 20991.64 23882.96 23844.74 22640.02 21192.48 20199.15 22025.96 20125.47 16239.6 16223.05 16223.05 16223.05 16223.05 16223.05
7847.711 7847.711 7847.711 7847.711 9161.304 11026.38 11026.38 11026.38 11026.38 11064.64 11098.04 11365.81 13296.15 14219.49 14392.46 14392.46 14392.46 10356.18 3049.986 2988.677 3911.649 7274.94 2988.677 2988.677 12760.54 19018.79 19018.79 18664.88 15446.25 14282.75 14282.75 14282.75 14282.75 14289.67 14547.09 14567.33 14567.33 14567.33 14567.33 14567.33 14685.58 19910 19716.5 17608.58 17721.93 18075.63 9428.621 9315.914 7653.294 3259.619 2988.677 2988.677 6976.339 15723.26 16089.77 16089.77 16089.77 18719.46 18615.81 19615.49 19570.66 19377.39 19522.1 21080.18 21269.17 20229.43 17997.47 16418.7 16685.29 16352.5 16229.98 16228.77 16228.77 16228.77 16228.77 16423.2
7850.474 7850.474 7850.474 7850.474 8752.454 11030.26 11030.26 11030.26 11030.26 11030.26 11045.64 11275.12 14114.09 14397.53 14397.53 14397.53 14397.53 13141.08 11598.81 10651.74 10904.43 12089.96 4171.695 10415.11 17875.49 19025.48 18872.4 15453.6 15258.98 14287.77 14287.77 14297.2 14431.91 14496.67 14644.07 14572.46 14572.46 16780.64 20106.59 20478.72 23625.08 22948.32 23851.39 23836.54 23670.54 23453.63 18392.11 7028.838 2989.784 2990.276 2989.729 2989.729 5148.596 11996.55 16095.43 16087.27 16095.43 16095.43 16095.43 17221.25 19028.73 18301.16 18085.63 20280.85 20839.99 20839.99 20588.02 16808.4 16385.03 16385.03 16362.88 16263.66 16258.32 16234.48 16249.78 17822.29
7853.232 7853.232 7853.232 7864.1 10690.11 11034.14 11034.14 11034.14 11034.14 11034.14 11038.59 12543.06 13821.94 14373.82 14402.58 14402.58 14402.58 14402.58 14402.58 14402.58 14402.58 14748.96 18097.2 17556.93 19032.16 19032.16 15937.91 14292.79 14292.79 14292.79 14292.79 14456.07 15677.73 16187.69 16586.14 15606.98 15563.07 16673.24 23218.02 23859.77 23859.77 23859.77 23859.77 23859.77 23859.77 23859.77 23859.77 17512.24 8047.341 2990.78 2990.78 2990.78 2990.78 3029.407 10636.54 5460.229 12302.93 16970.62 17182.46 17915.58 18091.98 18091.98 18121.23 20092.1 20847.31 20847.31 19945.98 16390.79 16390.79 16390.79 16390.79 16390.23 16378.61 16327.73 17479.97 18179.15
7855.987 7855.987 7855.987 7855.987 10237.96 11038.01 11038.01 11038.01 11038.01 11959.26 12575.34 13536.08 13536.08 14137.03 14407.64 14407.64 14407.64 14407.64 14407.64 14407.64 14407.64 15855.19 19123.09 19060.55 19038.85 18870.24 15913.78 14437.41 13800.58 14297.81 14297.81 14297.81 16044.81 16961.2 16961.2 16961.2 16961.2 18573.59 23672.43 23814.64 23868.14 23868.14 23868.14 23868.14 23868.14 23868.14 23658.97 21900.54 19102.34 15356.18 6901.337 2991.829 3843.783 2991.829 2991.829 2991.829 3219.022 16917.92 18098.33 18098.33 18098.33 18098.33 18098.33 19142.8 20854.62 20854.62 20539.87 16730.12 16396.54 16396.54 16396.54 16396.54 16396.54 16396.54 17256.05 18185.53
6962.963 7343.772 7687.691 10188.22 10934.47 11041.88 11041.88 11041.88 11414.2 13431.23 13540.83 13540.83 13579.55 14388.11 14412.69 14412.69 14412.69 14412.69 14412.69 14412.69 14412.69 16224.08 19158.47 19158.28 19139.7 19151.77 16984.38 10078.45 12861.94 14302.82 14257.3 14823.75 16755.04 16967.15 16967.15 16967.15 16967.15 16967.15 18994.38 18371.85 22093.12 20417.41 22474.64 23820.46 23876.5 23876.5 22724.57 19168.6 19149.8 19149.8 19106.31 10812.54 14774.61 6153.875 3269.346 4011.373 11376.38 16757.16 18104.67 18104.67 18104.67 18104.67 18104.67 18134.72 19873.72 20861.94 20645.51 17043.84 16402.29 16402.29 16402.29 16402.29 16402.29 16417.98 17331.98 18191.9
5841.367 5841.367 7299.576 11045.74 11045.74 11045.74 11045.74 11045.74 11202.96 13075.36 13545.56 13545.56 13545.71 13655 14283.76 14417.72 14417.72 14417.72 16387 15109.36 15236.08 18483.95 19165.16 19165.16 19165.16 15964.99 9744.366 9445.173 9445.462 12123.37 11948.07 16519.3 16973.08 16973.08 16973.08 16973.08 16973.08 16973.08 16975.12 17702.86 17921.73 17949.21 17949.21 20521.18 23427.52 23815.42 23327.32 19184.89 19156.49 19156.49 19156.49 19156.49 19156.49 16170.39 13349.63 13940.74 16693.65 16693.68 17003.01 17583.76 17441.36 17282.88 17641.83 18326.05 20557 20869.23 19211.2 18265.62 16478.02 16408.02 16408.02 16408.02 16408.02 16544.65 18116.42 18198.26
5843.404 5843.404 6395.363 7700.785 8086.561 11049.59 11049.59 11049.59 11261.45 13549.94 13550.29 13550.29 13550.29 13550.29 13834.68 14123.5 13983.86 14422.75 16735.19 18147.64 18609.91 18861.91 19171.85 19171.85 19171.85 14424.68 9448.467 9448.467 9448.467 9448.467 10345.16 16484 16979 16979 16979 16979 17007.86 17578.51 17515.43 17952.81 17955.47 17955.47 17955.47 17955.47 18663.65 20066.5 19633.88 19163.17 19163.17 19163.17 19163.17 19163.17 19163.17 19022.01 16701.26 16699.47 16699.47 16699.47 16699.47 16800.25 16748.61 16711.26 17773.31 20567.95 20876.51 20630.12 17724.05 16219.09 15893.97 15493.63 16413.74 16413.74 16413.74 16413.74 17871.05 17826.16
5845.439 5845.439 5845.439 5831.684 9276.309 11053.44 11053.44 11053.44 11053.44 12611.88 13555 13555 13555 13555 13555 13754.84 16300.73 15470.56 16868.57 19081.84 19178.52 19178.52 19178.52 19178.52 19178.52 15697.71 9615.641 9451.757 9451.757 9451.757 10933.08 19350.23 18734.25 18140.42 17019.71 16984.91 17026.68 17944.11 17961.73 17961.73 17961.73 17961.73 17961.73 17961.73 18081.76 18758.89 19362.09 20061.63 21161.01 21046.37 19492.46 20441.93 20146.81 18444.79 16705.29 16705.29 16705.29 16705.29 16705.29 16705.29 16705.29 18063.07 20883.78 20883.78 19501.48 15841.18 14935.21 14935.21 14935.21 14951.7 15720.85 16312.28 16419.46 16419.46 13508.61 9927.727
5847.471 5847.471 5847.471 5847.463 6639.042 10479.81 11057.28 11057.28 11057.28 11323.45 13442.63 13400.94 13324.04 13293.69 13443.75 16015.15 16889.04 16889.04 16889.04 18410.71 19185.19 19185.19 19185.19 19185.19 19185.19 18667.57 11808.13 9455.042 9455.862 10529.21 12243.95 19852.4 19852.4 19852.4 19342.49 19074.24 19262.17 17937.98 17967.97 17967.97 17967.97 17967.97 17967.97 17967.97 18259.18 21764.6 21650.24 22111.91 22111.91 22111.91 21571.77 22111.91 22105.36 18387.18 18185.36 17564 16761.58 16741.68 16716.32 16711.09 16711.26 18556.15 20891.03 18981 15199.53 14940.4 14940.4 14940.4 14940.4 14940.4 14940.4 15148.37 14828.56 11703.2 9423.617 9268.835
5849.499 5849.499 5849.499 5703.866 4903.941 4948.148 5068.463 6003.371 8709.286 11272.9 12857.84 12887.06 12887.06 12887.06 12932.49 14617.53 16819.04 16894.9 16894.9 25087.21 51917.54 30408.39 19923.44 35353.46 63087.02 17113.33 9458.321 9458.321 9567.96 17453.57 19353.83 19859.29 19859.29 19859.29 20124.74 23047.04 24218.38 23902.54 22927.84 18690.73 17974.2 17974.2 17974.2 17974.2 18432.14 21805.11 22119.58 22119.58 22119.58 22119.58 22119.58 22119.58 22119.58 22052.67 21292.23 17650.97 16778.79 16778.79 16771.37 16736.83 16764.4 17906.76 20755.38 20641.66 15564.98 14945.58 14945.58 14945.58 14945.58 14945.58 14945.58 13677.05 9525.435 8038.902 8063.029 8867.705
5851.524 5708.959 5184.022 4885.442 4746.507 4746.507 4746.507 5159.475 8482.846 12349.27 12891.53 12891.53 12891.53 12891.53 12891.53 12891.53 14939.24 16900.75 16900.75 40851.48 74298.59 80393.57 76921.32 79812.49 80536.49 48226.55 9461.597 9461.597 9771.141 17963.91 19866.16 19866.16 19866.16 19866.16 19866.16 20760.71 24423.78 25067.34 24924.79 23532.12 20119.28 19525.77 18182.11 17980.43 18751.99 21884.22 22127.24 22127.24 22127.24 22127.24 22127.24 28959.31 31645.29 39857.17 40148.02 27973.8 16802.22 16784.6 16784.6 16784.6 16784.6 16784.6 17501.17 20146.12 19144.77 14950.76 14950.76 14950.76 14950.76 14950.76 14950.76 11310.81 8654.075 7741.333 9760.649 14861.88
5953.625 4889.402 4748.147 4748.147 4748.147 4748.147 4748.147 7438.517 12721.13 12782.64 12895.98 12895.98 12895.98 12895.98 12895.98 12901.37 14727.26 16906.6 16906.6 36786.7 63244.64 80564.33 80564.33 55465.83 23363.07 14414.52 9464.867 9464.867 10240.15 15395.86 19873.03 19873.03 19873.03 19873.03 19873.03 20695.42 25214.56 26736.02 25497.11 24935.95 24241.29 23332.5 23062.89 19303.84 22183.24 26307.49 22994.66 28765.58 24502.63 22134.89 31211.43 49135.7 56629.33 56629.33 56629.33 56196.28 17627.51 16790.4 16790.4 16790.4 17231.97 17131.12 17472.7 18081.11 17580.31 14955.92 14955.92 14955.92 13500.94 11395.22 11252.88 8212.48 7744.009 8385.349 15828.2 16485.68
5941.538 4749.786 4749.786 4749.786 4749.786 4749.786 4853.97 5097.779 7198.62 11686.65 12630.75 12896.68 11633.01 12898.82 12900.43 13646.69 16912.43 16912.43 16912.43 21105.73 45693.57 80578.27 80592.12 30267.06 15905.78 15692.73 11789.19 9468.133 9468.133 12986.38 19482.99 19879.88 19879.88 19879.88 19879.88 23808.82 27422.65 27065.51 27123.33 25862.99 24942.01 24942.01 24840.42 24942.01 38625.08 56345.25 50749.61 56320.14 53361.72 39699.77 51797.32 56648.86 56648.86 56648.86 56648.86 46983.76 16796.19 16796.19 16796.19 16796.19 19317.91 20309.76 20373.74 20373.74 19449.47 15021.49 14376.85 11699.74 9002.209 9751.785 11556.09 11288.3 9369.889 15429.64 16904.02 17008.35
4778.124 4751.421 4751.421 4751.421 4751.421 4751.421 4806.339 5132.994 5132.994 5132.994 7041.517 7417.626 5132.994 8429.119 12904.87 13886.24 16918.25 15837.38 9929.41 7776.22 7959.027 19275.61 42121.6 13311.49 15655.62 15911.25 15224.58 11450.84 13238.21 14202.23 19886.24 19886.73 19872.18 19886.73 19933.22 25294.4 27432.09 27432.09 27432.09 26982.51 25449.35 25337.48 25189.57 24956.87 37859.73 56668.37 56668.37 56668.37 56668.37 56668.37 56668.37 56201.59 33734.87 25836.8 27249.92 20478.46 16801.98 16801.98 16801.98 16801.98 19109.71 20380.76 20380.76 20261.6 17625.2 11340.26 9744.7 8885.118 8885.118 9341.932 10469.91 10661.96 11781.16 15165.4 16885.2 17014.21
4753.054 4753.054 4753.054 4753.054 4753.054 4753.054 4760.106 5072.222 5134.759 5134.759 5134.759 5134.759 5134.759 9548.458 12470.98 12858.66 10652.66 7974.168 7577.919 7577.919 7577.919 7577.919 7577.919 11364.9 15916.72 15916.72 15916.72 15916.72 15916.72 15674.97 18612.67 13795.61 11909.12 22905.64 24083.8 26660.01 27441.52 27441.52 27441.52 27441.52 27427.46 27375.63 27441.07 27269.63 39915.39 55240.49 51991.29 54695.54 56687.85 56687.85 56687.85 56622.12 44538.84 21257.88 20387.76 18568.05 17819.26 18857.94 19129.95 18817.94 20036.47 20363.9 17599.14 14211.42 9937.767 9915.109 9162.151 8940.439 10449.46 9665.774 8982.774 10695.98 11577.62 12854.58 14538.82 15604.26
4754.685 4754.685 4754.685 4754.685 4754.685 4754.685 4754.685 4935.936 5136.521 5136.521 5136.521 5136.521 5136.521 5136.521 5136.521 5136.521 5243.096 6575.318 7580.52 7580.52 7580.52 7580.52 7580.52 12131.84 15922.19 15922.19 15922.19 15922.19 15922.19 12061.36 11269.24 11269.24 13588.73 26674.94 17292.16 19859.11 27207.74 20107.58 24140.71 26058.57 23590.7 22584.86 20800.64 24526.01 17742.39 19543.76 24006.89 35261.23 56707.3 56534.5 56707.3 56707.3 33513.16 18860.1 20304.47 20394.76 20275.22 20393.78 20394.76 20394.76 20394.76 16593.3 8321.177 9918.511 9918.511 9918.511 10603.97 11867.27 12111.95 12105.39 11849.42 12878.48 13275.25 14399.87 13976.39 14360.87
4787.294 4811.332 4756.313 4756.313 4756.313 4756.313 4756.313 4901.513 5130.358 5138.279 5138.279 5138.279 5138.279 5138.279 5138.279 5138.279 5746.101 7467.354 7531.449 7583.116 7583.116 7583.116 7583.116 14603.54 15927.64 15927.64 15908.69 15927.64 15775.39 13513.62 11273.1 11273.1 11496.94 19882.65 22102.98 17037.06 18037.97 16957.8 16957.8 17160.71 16957.8 16957.8 16957.8 17008.66 16957.8 16864.85 16640.54 42223.5 54883.92 19132.6 19005.96 21431.23 12902.06 12018.91 13203.06 16073.17 19095.4 20401.74 19973.12 20329.94 16535.13 6822.824 6919.675 8507.284 9014.177 11401.8 12073.01 12117.27 12117.27 12117.27 12394.89 12358.91 8940.465 10087.85 9087.625 13558.75
5281.705 5358.496 4757.939 4757.939 4757.939 4757.939 4757.939 4757.939 4933.364 5058.954 5211.512 5283.141 5700.314 5158.063 5140.036 5280.484 5616.412 6083.896 6481.687 7372.531 7585.708 7585.708 7585.708 9743.468 15391.2 15485.46 13689.05 14041.58 13269.71 11340.66 11276.95 11276.95 11276.95 11276.95 11852.72 16153.04 16963.6 16963.6 16963.6 16963.6 16963.6 16963.6 16963.6 16963.6 16963.6 16034.22 12484.64 13629.95 19425.57 12023.02 12023.02 12023.02 12023.02 12023.02 12023.02 10985.63 9815.739 6525.898 7758.32 8455.131 6015.643 6658.551 6666.302 6666.302 5973.163 14635.02 16599.1 15070.65 12467.45 12152.5 13768.58 13767.63 9951.701 8925.356 8925.356 9655.632
5367.242 4911.837 4759.56 4759.56 4759.56 4759.56 4759.56 4759.56 4763.802 4810.781 5524.904 5977.697 6084.062 5885.685 5377.933 5458.104 6032.534 6084.062 6315.689 7421.838 7588.292 7588.292 7588.292 9083.682 11280.79 11280.79 11280.79 11280.79 11280.79 11280.79 11280.79 11280.79 11280.79 11280.79 11280.79 12552.13 16712.14 11145.29 13666.89 16969.38 16969.38 16969.38 16969.38 16969.38 16969.38 16969.38 16783.7 15011.76 12062.45 12027.11 12027.11 12027.11 12027.11 12027.11 12027.11 7498.701 5477.854 5477.854 5477.854 5477.854 5834.088 6668.573 6668.573 6047.622 5422.162 11305.91 17862.61 17862.61 17080.11 14456.56 13927.21 12903.44 9372.997 8928.396 8928.396 8928.396
5553.428 4876.529 4761.181 4761.181 4761.181 4761.181 4761.181 4761.181 4761.181 4761.181 5732.591 6086.134 6086.134 6086.134 5867.868 5674.577 6071.471 6086.134 6136.887 7244.116 7463.598 7590.876 7590.876 8001.178 9538.296 11277.19 11284.15 9633.037 11144.76 11284.63 11023.8 9876.469 11049.18 11060.96 11203.59 10339.87 5842.673 3008.402 4195.3 10429.97 9732.583 13030.47 16245.87 16975.16 16975.16 16975.16 16975.16 14726.69 12031.21 12031.21 12031.21 12031.21 12031.21 10247.33 7928.705 6637.343 5479.72 5479.72 5479.72 5479.72 6182.338 6670.844 6659.081 5861.483 5396.452 8730.215 17868.69 17868.69 17868.69 17868.69 16294.84 13917.9 10235.68 9011.93 8988.892 8934.722
5080.268 4770.666 4762.8 4762.8 4762.8 4762.8 4762.8 4762.8 4762.8 4852.845 5928.189 6088.203 6088.203 6088.203 6088.203 6088.203 6088.203 6088.203 6088.203 6287.676 6191.054 6959.857 6916.513 6700.206 6719.441 8004.208 8569.232 6753.387 7696.867 8088.869 7042.598 6753.387 7016.213 6903.022 7243.368 6392.162 3080.077 3009.425 3009.425 3009.425 3633.596 4087.171 7893.256 16102.72 16980.93 16980.93 13972.02 12337.18 12035.3 12035.3 12035.3 12035.3 12035.3 10743.23 5481.583 5481.583 5481.583 5481.583 5481.583 5481.583 6248.817 6416.882 5606.726 5398.286 5398.286 5701.651 10522.38 10963.84 13141.83 12588.88 11085.89 13886.84 8938.451 9278.202 9540.705 10547.79
5139.743 4764.416 4764.416 4764.416 4764.416 4764.416 4764.416 4764.416 4764.416 5617.17 6090.269 6090.269 6090.156 6090.269 6060.957 6090.114 6012.139 6089.478 6090.269 6090.269 6090.269 6090.269 6090.269 6122.597 6095.854 6333.225 6683.986 6755.679 6755.679 6755.679 6755.679 6755.679 6755.679 6755.679 6755.679 4963.288 3010.446 3010.446 3010.446 3318.338 4248.279 4256.128 5720.863 16986.69 16986.69 14904.46 7552.915 11872.3 12022.26 12039.38 12039.38 12039.38 12039.38 11079.38 5485.692 5483.442 5483.442 5483.442 5483.442 5483.442 5547.787 5424.478 5400.118 5400.118 5400.948 5479.259 5543.105 5548.299 5892.494 6676.965 6824.49 7971.681 6791.394 8587.316 9543.942 11619.63
4965.984 5106.586 5294.618 5113.537 5176.713 5245.945 4787.192 4766.027 5025.305 5309.412 5842.273 5756.749 5688.873 5803.357 5521.777 5629.595 5578.7 5730.177 5612.334 5706.554 6044.761 6060.695 6092.328 6092.328 6092.328 6092.328 6517.466 6757.963 6757.963 6757.963 6757.963 6757.963 6757.963 6757.963 4788.228 3050.225 3011.464 3011.464 3011.464 3872.442 4257.567 4257.567 4398.938 10649.12 12150.19 6136.726 4257.567 4426.052 5830.504 8015.052 7079.13 10438.04 12043.45 10800.43 5485.296 5485.296 5485.296 5485.296 5485.296 5485.296 5485.195 5409.454 5401.944 5401.944 5464.896 5546.739 5171.187 5546.758 5546.758 6546.315 6817.148 6578.449 6561.921 8200.594 9547.17 13253.74
5577.025 5577.025 5577.025 5577.025 5577.025 5577.025 5474.359 5096.087 5491.073 5397.296 5512.156 5512.156 5512.156 5512.156 5512.156 5512.156 5512.156 5512.156 5512.156 5467.401 5405.47 5757.851 6094.388 6094.388 5974.677 5155.833 6269.037 6760.248 6760.248 6760.248 6760.248 6760.248 6697.85 4104.966 3015.042 3012.482 3012.482 3012.482 3029.641 4069.339 4259.007 4259.007 4259.007 4259.007 4259.007 4259.007 4259.007 4259.007 4259.007 4259.007 4259.007 5286.212 10123.64 12046.58 6304.953 5487.151 5487.151 5487.151 5487.151 5487.151 5487.024 5414.55 5403.77 5403.77 5486.092 3305.375 1078.084 5397.788 6388.635 6777.333 6676.936 6564.139 6564.139 7718.088 9550.397 13596.16
5578.907 5578.907 5578.907 5578.907 5540.609 5578.907 5560.517 5514.016 5514.016 5514.016 5514.016 5514.016 5514.016 5514.016 5514.016 5514.016 5514.016 5514.016 5500.916 5413.068 5406.863 5454.271 6011.599 6096.444 4407.823 3773.376 4596.571 6726.027 6762.529 6762.529 6715.61 4952.802 4085.616 3013.498 3013.498 3013.498 3013.498 3013.498 3140.155 4225.961 4260.444 4260.444 4260.444 4260.444 4260.914 4260.444 4285.625 4468.56 4420.609 4350.489 4432.694 4310.074 8131.127 12051.59 8745.738 5954.861 5489.002 5489.002 5489.002 5489.002 5489.002 5461.897 5405.759 5405.593 5183 1166.465 937.1987 3445.249 6831.41 6736.313 6586.689 6566.354 6566.354 8767.999 9553.62 12943.31
